c Graph colouring
c
c edges;1,11;1,12;1,13;1,14;1,15;1,16;1,17;1,18;1,19;1,20;1,21;1,22;1,23;1,24;1,25;1,26;1,27;1,28;1,29;1,30;1,31;1,32;1,33;1,34;1,35;1,36;1,37;1,38;1,39;1,40;2,11;2,12;2,13;2,14;2,15;2,16;2,17;2,18;2,19;2,20;2,21;2,22;2,23;2,24;2,25;2,26;2,27;2,28;2,29;2,30;2,31;2,32;2,33;2,34;2,35;2,36;2,37;2,38;2,39;2,40;3,11;3,12;3,13;3,14;3,15;3,16;3,17;3,18;3,19;3,20;3,21;3,22;3,23;3,24;3,25;3,26;3,27;3,28;3,29;3,30;3,31;3,32;3,33;3,34;3,35;3,36;3,37;3,38;3,39;3,40;4,11;4,12;4,13;4,14;4,15;4,16;4,17;4,18;4,19;4,20;4,21;4,22;4,23;4,24;4,25;4,26;4,27;4,28;4,29;4,30;4,31;4,32;4,33;4,34;4,35;4,36;4,37;4,38;4,39;4,40;5,11;5,12;5,13;5,14;5,15;5,16;5,17;5,18;5,19;5,20;5,21;5,22;5,23;5,24;5,25;5,26;5,27;5,28;5,29;5,30;5,31;5,32;5,33;5,34;5,35;5,36;5,37;5,38;5,39;5,40;6,11;6,12;6,13;6,14;6,15;6,16;6,17;6,18;6,19;6,20;6,21;6,22;6,23;6,24;6,25;6,26;6,27;6,28;6,29;6,30;6,31;6,32;6,33;6,34;6,35;6,36;6,37;6,38;6,39;6,40;7,11;7,12;7,13;7,14;7,15;7,16;7,17;7,18;7,19;7,20;7,21;7,22;7,23;7,24;7,25;7,26;7,27;7,28;7,29;7,30;7,31;7,32;7,33;7,34;7,35;7,36;7,37;7,38;7,39;7,40;8,11;8,12;8,13;8,14;8,15;8,16;8,17;8,18;8,19;8,20;8,21;8,22;8,23;8,24;8,25;8,26;8,27;8,28;8,29;8,30;8,31;8,32;8,33;8,34;8,35;8,36;8,37;8,38;8,39;8,40;9,11;9,12;9,13;9,14;9,15;9,16;9,17;9,18;9,19;9,20;9,21;9,22;9,23;9,24;9,25;9,26;9,27;9,28;9,29;9,30;9,31;9,32;9,33;9,34;9,35;9,36;9,37;9,38;9,39;9,40;10,11;10,12;10,13;10,14;10,15;10,16;10,17;10,18;10,19;10,20;10,21;10,22;10,23;10,24;10,25;10,26;10,27;10,28;10,29;10,30;10,31;10,32;10,33;10,34;10,35;10,36;10,37;10,38;10,39;10,40;11,21;11,22;11,23;11,24;11,25;11,26;11,27;11,28;11,29;11,30;11,31;11,32;11,33;11,34;11,35;11,36;11,37;11,38;11,39;11,40;12,21;12,22;12,23;12,24;12,25;12,26;12,27;12,28;12,29;12,30;12,31;12,32;12,33;12,34;12,35;12,36;12,37;12,38;12,39;12,40;13,21;13,22;13,23;13,24;13,25;13,26;13,27;13,28;13,29;13,30;13,31;13,32;13,33;13,34;13,35;13,36;13,37;13,38;13,39;13,40;14,21;14,22;14,23;14,24;14,25;14,26;14,27;14,28;14,29;14,30;14,31;14,32;14,33;14,34;14,35;14,36;14,37;14,38;14,39;14,40;15,21;15,22;15,23;15,24;15,25;15,26;15,27;15,28;15,29;15,30;15,31;15,32;15,33;15,34;15,35;15,36;15,37;15,38;15,39;15,40;16,21;16,22;16,23;16,24;16,25;16,26;16,27;16,28;16,29;16,30;16,31;16,32;16,33;16,34;16,35;16,36;16,37;16,38;16,39;16,40;17,21;17,22;17,23;17,24;17,25;17,26;17,27;17,28;17,29;17,30;17,31;17,32;17,33;17,34;17,35;17,36;17,37;17,38;17,39;17,40;18,21;18,22;18,23;18,24;18,25;18,26;18,27;18,28;18,29;18,30;18,31;18,32;18,33;18,34;18,35;18,36;18,37;18,38;18,39;18,40;19,21;19,22;19,23;19,24;19,25;19,26;19,27;19,28;19,29;19,30;19,31;19,32;19,33;19,34;19,35;19,36;19,37;19,38;19,39;19,40;20,21;20,22;20,23;20,24;20,25;20,26;20,27;20,28;20,29;20,30;20,31;20,32;20,33;20,34;20,35;20,36;20,37;20,38;20,39;20,40;21,31;21,32;21,33;21,34;21,35;21,36;21,37;21,38;21,39;21,40;22,31;22,32;22,33;22,34;22,35;22,36;22,37;22,38;22,39;22,40;23,31;23,32;23,33;23,34;23,35;23,36;23,37;23,38;23,39;23,40;24,31;24,32;24,33;24,34;24,35;24,36;24,37;24,38;24,39;24,40;25,31;25,32;25,33;25,34;25,35;25,36;25,37;25,38;25,39;25,40;26,31;26,32;26,33;26,34;26,35;26,36;26,37;26,38;26,39;26,40;27,31;27,32;27,33;27,34;27,35;27,36;27,37;27,38;27,39;27,40;28,31;28,32;28,33;28,34;28,35;28,36;28,37;28,38;28,39;28,40;29,31;29,32;29,33;29,34;29,35;29,36;29,37;29,38;29,39;29,40;30,31;30,32;30,33;30,34;30,35;30,36;30,37;30,38;30,39;30,40
c n = number of vertices = 40
c m = number of edges = 600
c k = number of colours = 4
c vertex i=0,...,n-1 has colour c=0,...,k-1 if variable i*k+c+1 True
c
c We have nk=160 variables and n+(k^2-k)n/2+mk=2680 clauses.
c
p cnf 160 2680
1 2 3 4 0
5 6 7 8 0
9 10 11 12 0
13 14 15 16 0
17 18 19 20 0
21 22 23 24 0
25 26 27 28 0
29 30 31 32 0
33 34 35 36 0
37 38 39 40 0
41 42 43 44 0
45 46 47 48 0
49 50 51 52 0
53 54 55 56 0
57 58 59 60 0
61 62 63 64 0
65 66 67 68 0
69 70 71 72 0
73 74 75 76 0
77 78 79 80 0
81 82 83 84 0
85 86 87 88 0
89 90 91 92 0
93 94 95 96 0
97 98 99 100 0
101 102 103 104 0
105 106 107 108 0
109 110 111 112 0
113 114 115 116 0
117 118 119 120 0
121 122 123 124 0
125 126 127 128 0
129 130 131 132 0
133 134 135 136 0
137 138 139 140 0
141 142 143 144 0
145 146 147 148 0
149 150 151 152 0
153 154 155 156 0
157 158 159 160 0
-63 -61 0
-54 -53 0
-86 -85 0
-67 -66 0
-131 -130 0
-92 -91 0
-100 -99 0
-156 -155 0
-56 -55 0
-88 -87 0
-18 -17 0
-34 -33 0
-94 -93 0
-110 -109 0
-146 -145 0
-79 -78 0
-143 -142 0
-96 -95 0
-112 -111 0
-6 -5 0
-122 -121 0
-134 -133 0
-160 -159 0
-44 -43 0
-52 -51 0
-76 -75 0
-84 -83 0
-40 -37 0
-120 -118 0
-152 -150 0
-8 -7 0
-55 -53 0
-20 -17 0
-28 -25 0
-36 -33 0
-108 -106 0
-116 -114 0
-140 -138 0
-148 -146 0
-4 -3 0
-43 -41 0
-51 -49 0
-72 -70 0
-87 -86 0
-151 -150 0
-7 -5 0
-14 -13 0
-114 -113 0
-142 -141 0
-32 -29 0
-48 -45 0
-16 -15 0
-60 -58 0
-68 -66 0
-139 -138 0
-75 -74 0
-83 -82 0
-147 -146 0
-136 -133 0
-144 -142 0
-64 -62 0
-80 -78 0
-124 -121 0
-132 -129 0
-22 -21 0
-106 -105 0
-150 -149 0
-15 -13 0
-59 -58 0
-159 -157 0
-104 -102 0
-24 -23 0
-103 -101 0
-128 -125 0
-144 -141 0
-63 -62 0
-58 -57 0
-92 -90 0
-100 -98 0
-156 -154 0
-12 -11 0
-20 -19 0
-91 -89 0
-99 -97 0
-56 -54 0
-88 -86 0
-23 -21 0
-2 -1 0
-96 -94 0
-112 -110 0
-160 -158 0
-95 -93 0
-111 -109 0
-44 -42 0
-52 -50 0
-76 -74 0
-84 -82 0
-120 -117 0
-152 -149 0
-11 -9 0
-8 -6 0
-19 -17 0
-55 -54 0
-50 -49 0
-66 -65 0
-80 -79 0
-108 -105 0
-116 -113 0
-38 -37 0
-90 -89 0
-4 -2 0
-4 -1 0
-43 -42 0
-51 -50 0
-72 -69 0
-140 -137 0
-123 -121 0
-7 -6 0
-40 -39 0
-16 -14 0
-60 -57 0
-68 -65 0
-42 -41 0
-74 -73 0
-127 -125 0
-3 -2 0
-28 -27 0
-36 -35 0
-3 -1 0
-39 -37 0
-30 -29 0
-46 -45 0
-82 -81 0
-98 -97 0
-158 -157 0
-64 -61 0
-80 -77 0
-47 -45 0
-15 -14 0
-32 -31 0
-48 -47 0
-148 -145 0
-104 -101 0
-27 -25 0
-35 -33 0
-24 -22 0
-155 -153 0
-103 -102 0
-136 -135 0
-119 -117 0
-92 -89 0
-100 -97 0
-156 -153 0
-12 -10 0
-20 -18 0
-31 -29 0
-91 -90 0
-99 -98 0
-124 -123 0
-132 -131 0
-56 -53 0
-88 -85 0
-107 -105 0
-115 -113 0
-23 -22 0
-71 -69 0
-126 -125 0
-130 -129 0
-135 -133 0
-96 -93 0
-112 -109 0
-160 -157 0
-95 -94 0
-111 -110 0
-128 -127 0
-144 -143 0
-44 -41 0
-52 -49 0
-76 -73 0
-84 -81 0
-11 -10 0
-19 -18 0
-8 -5 0
-67 -65 0
-131 -129 0
-79 -77 0
-10 -9 0
-118 -117 0
-138 -137 0
-143 -141 0
-123 -122 0
-40 -38 0
-120 -119 0
-152 -151 0
-16 -13 0
-127 -126 0
-70 -69 0
-28 -26 0
-36 -34 0
-108 -107 0
-116 -115 0
-140 -139 0
-148 -147 0
-39 -38 0
-72 -71 0
-87 -85 0
-151 -149 0
-32 -30 0
-48 -46 0
-27 -26 0
-35 -34 0
-155 -154 0
-60 -59 0
-68 -67 0
-136 -134 0
-24 -21 0
-75 -73 0
-119 -118 0
-83 -81 0
-139 -137 0
-147 -145 0
-62 -61 0
-78 -77 0
-31 -30 0
-47 -46 0
-159 -158 0
-64 -63 0
-26 -25 0
-102 -101 0
-154 -153 0
-124 -122 0
-107 -106 0
-115 -114 0
-132 -130 0
-12 -9 0
-59 -57 0
-71 -70 0
-135 -134 0
-104 -103 0
-128 -126 0
-146 -66 0
-92 -24 0
-43 -3 0
-154 -2 0
-90 -42 0
-88 -68 0
-96 -4 0
-150 -62 0
-158 -46 0
-86 -22 0
-104 -68 0
-94 -54 0
-148 -8 0
-138 -58 0
-123 -31 0
-146 -42 0
-74 -2 0
-113 -37 0
-82 -66 0
-152 -116 0
-80 -28 0
-121 -101 0
-142 -6 0
-127 -27 0
-150 -70 0
-117 -17 0
-140 -112 0
-68 -8 0
-125 -81 0
-58 -26 0
-130 -50 0
-97 -77 0
-115 -39 0
-138 -82 0
-105 -29 0
-72 -20 0
-144 -76 0
-113 -77 0
-111 -19 0
-62 -6 0
-134 -46 0
-101 -41 0
-52 -32 0
-109 -25 0
-91 -79 0
-132 -88 0
-99 -31 0
-50 -18 0
-107 -79 0
-89 -21 0
-56 -28 0
-149 -89 0
-136 -100 0
-46 -30 0
-103 -27 0
-147 -47 0
-133 -1 0
-44 -24 0
-83 -23 0
-137 -69 0
-122 -70 0
-155 -63 0
-143 -91 0
-145 -5 0
-151 -43 0
-153 -69 0
-81 -29 0
-87 -3 0
-159 -59 0
-126 -42 0
-141 -81 0
-131 -71 0
-116 -68 0
-157 -113 0
-139 -7 0
-124 -4 0
-53 -1 0
-129 -109 0
-75 -31 0
-114 -46 0
-65 -5 0
-135 -83 0
-145 -109 0
-143 -51 0
-128 -24 0
-133 -9 0
-118 -2 0
-69 -17 0
-59 -7 0
-131 -63 0
-98 -54 0
-106 -22 0
-112 -16 0
-135 -59 0
-63 -19 0
-102 -42 0
-156 -92 0
-53 -9 0
-100 -20 0
-154 -102 0
-90 -14 0
-160 -96 0
-41 -21 0
-47 -11 0
-158 -10 0
-86 -50 0
-148 -36 0
-94 -18 0
-45 -33 0
-156 -36 0
-84 -12 0
-123 -59 0
-74 -38 0
-146 -14 0
-82 -38 0
-152 -24 0
-88 -16 0
-160 -56 0
-127 -63 0
-150 -98 0
-78 -10 0
-140 -12 0
-125 -117 0
-130 -22 0
-115 -3 0
-66 -14 0
-138 -118 0
-123 -67 0
-144 -48 0
-111 -55 0
-81 -1 0
-134 -10 0
-62 -34 0
-119 -55 0
-101 -77 0
-70 -34 0
-127 -87 0
-132 -52 0
-60 -12 0
-117 -77 0
-99 -59 0
-107 -43 0
-95 -79 0
-136 -72 0
-103 -63 0
-54 -10 0
-147 -75 0
-134 -114 0
-83 -51 0
-155 -27 0
-122 -90 0
-137 -97 0
-91 -51 0
-153 -33 0
-151 -79 0
-48 -8 0
-141 -117 0
-159 -31 0
-87 -39 0
-126 -70 0
-149 -21 0
-95 -39 0
-139 -35 0
-157 -85 0
-124 -48 0
-129 -73 0
-83 -75 0
-137 -25 0
-155 -99 0
-145 -73 0
-143 -23 0
-128 -12 0
-133 -109 0
-141 -29 0
-87 -79 0
-159 -119 0
-131 -27 0
-59 -35 0
-116 -56 0
-67 -35 0
-106 -10 0
-112 -36 0
-135 -31 0
-120 -36 0
-100 -16 0
-125 -1 0
-108 -64 0
-104 -12 0
-158 -102 0
-94 -14 0
-148 -64 0
-45 -5 0
-84 -40 0
-156 -16 0
-146 -114 0
-92 -40 0
-152 -60 0
-82 -10 0
-121 -29 0
-160 -44 0
-88 -20 0
-150 -14 0
-96 -52 0
-140 -56 0
-125 -25 0
-148 -88 0
-76 -16 0
-115 -31 0
-138 -106 0
-66 -18 0
-123 -111 0
-144 -4 0
-111 -75 0
-113 -21 0
-152 -68 0
-119 -27 0
-70 -14 0
-142 -86 0
-127 -75 0
-132 -48 0
-60 -24 0
-117 -33 0
-140 -96 0
-89 -77 0
-107 -23 0
-130 -66 0
-97 -29 0
-64 -4 0
-136 -44 0
-103 -35 0
-105 -77 0
-54 -22 0
-147 -103 0
-93 -73 0
-134 -94 0
-101 -25 0
-91 -31 0
-109 -73 0
-42 -2 0
-151 -83 0
-153 -61 0
-48 -28 0
-89 -37 0
-126 -98 0
-95 -27 0
-149 -41 0
-139 -79 0
-157 -57 0
-124 -76 0
-85 -17 0
-75 -39 0
-129 -85 0
-155 -79 0
-137 -53 0
-122 -22 0
-73 -29 0
-143 -107 0
-145 -53 0
-128 -48 0
-133 -65 0
-79 -19 0
-118 -74 0
-159 -107 0
-126 -26 0
-77 -25 0
-131 -119 0
-116 -20 0
-67 -31 0
-57 -21 0
-129 -61 0
-114 -30 0
-135 -3 0
-120 -8 0
-71 -27 0
-110 -18 0
-133 -57 0
-100 -44 0
-154 -94 0
-51 -23 0
-108 -28 0
-98 -6 0
-49 -29 0
-104 -48 0
-158 -66 0
-55 -3 0
-84 -68 0
-102 -26 0
-156 -108 0
-146 -86 0
-92 -4 0
-43 -31 0
-100 -68 0
-154 -54 0
-121 -57 0
-160 -16 0
-88 -56 0
-96 -24 0
-150 -42 0
-86 -2 0
-158 -58 0
-125 -61 0
-148 -116 0
-94 -66 0
-138 -14 0
-123 -11 0
-74 -22 0
-146 -62 0
-113 -49 0
-152 -104 0
-80 -16 0
-121 -81 0
-142 -50 0
-127 -111 0
-132 -12 0
-117 -5 0
-68 -20 0
-125 -69 0
-130 -38 0
-58 -14 0
-97 -57 0
-64 -40 0
-136 -16 0
-105 -41 0
-103 -71 0
-72 -40 0
-111 -7 0
-134 -58 0
-62 -18 0
-101 -61 0
-119 -71 0
-52 -12 0
-109 -45 0
-132 -100 0
-151 -119 0
-81 -65 0
-153 -25 0
-129 -1 0
-56 -16 0
-149 -77 0
-136 -120 0
-46 -10 0
-139 -107 0
-157 -29 0
-85 -53 0
-124 -88 0
-93 -53 0
-147 -27 0
-44 -36 0
-137 -81 0
-83 -3 0
-122 -42 0
-155 -43 0
-145 -17 0
-143 -79 0
-128 -68 0
-151 -31 0
-81 -41 0
-153 -113 0
-49 -1 0
-159 -79 0
-141 -37 0
-126 -54 0
-131 -83 0
-139 -19 0
-85 -77 0
-106 -66 0
-157 -101 0
-129 -25 0
-114 -2 0
-135 -103 0
-143 -39 0
-110 -46 0
-61 -37 0
-133 -29 0
-118 -62 0
-69 -37 0
-108 -8 0
-98 -42 0
-106 -58 0
-102 -6 0
-156 -120 0
-110 -70 0
-154 -10 0
-90 -50 0
-160 -100 0
-41 -33 0
-150 -54 0
-96 -12 0
-158 -22 0
-86 -46 0
-148 -16 0
-94 -62 0
-138 -34 0
-123 -23 0
-74 -10 0
-146 -34 0
-152 -12 0
-82 -58 0
-121 -109 0
-142 -14 0
-127 -3 0
-150 -94 0
-117 -25 0
-140 -104 0
-68 -16 0
-125 -105 0
-93 -1 0
-58 -34 0
-130 -10 0
-97 -69 0
-115 -47 0
-138 -90 0
-66 -34 0
-105 -5 0
-144 -84 0
-72 -12 0
-111 -27 0
-113 -69 0
-62 -14 0
-134 -38 0
-119 -43 0
-142 -102 0
-91 -71 0
-109 -17 0
-132 -96 0
-99 -7 0
-50 -10 0
-89 -29 0
-107 -71 0
-56 -20 0
-149 -97 0
-136 -92 0
-46 -38 0
-103 -19 0
-124 -116 0
-54 -38 0
-93 -25 0
-147 -55 0
-44 -16 0
-137 -77 0
-155 -55 0
-83 -31 0
-122 -78 0
-91 -47 0
-128 -104 0
-81 -21 0
-151 -35 0
-153 -77 0
-87 -27 0
-159 -35 0
-141 -73 0
-126 -82 0
-131 -79 0
-77 -33 0
-116 -76 0
-139 -63 0
-157 -73 0
-124 -28 0
-75 -23 0
-129 -101 0
-114 -38 0
-65 -29 0
-135 -75 0
-120 -80 0
-143 -59 0
-145 -101 0
-128 -32 0
-133 -113 0
-79 -35 0
-118 -26 0
-69 -25 0
-131 -39 0
-59 -31 0
-116 -36 0
-49 -37 0
-106 -30 0
-112 -24 0
-63 -27 0
-121 -1 0
-102 -34 0
-135 -51 0
-156 -84 0
-53 -17 0
-154 -110 0
-100 -28 0
-51 -39 0
-160 -72 0
-90 -22 0
-41 -29 0
-47 -19 0
-104 -32 0
-158 -114 0
-86 -74 0
-94 -26 0
-148 -44 0
-45 -25 0
-156 -60 0
-84 -20 0
-102 -74 0
-123 -51 0
-146 -6 0
-82 -30 0
-152 -48 0
-121 -9 0
-88 -8 0
-160 -64 0
-127 -39 0
-78 -18 0
-96 -72 0
-140 -4 0
-125 -13 0
-76 -28 0
-148 -68 0
-115 -11 0
-66 -6 0
-123 -91 0
-144 -56 0
-111 -63 0
-134 -2 0
-119 -15 0
-142 -66 0
-70 -26 0
-127 -95 0
-60 -4 0
-132 -60 0
-99 -35 0
-107 -35 0
-130 -118 0
-97 -9 0
-64 -24 0
-136 -64 0
-103 -55 0
-54 -2 0
-147 -83 0
-134 -106 0
-137 -105 0
-155 -19 0
-122 -98 0
-83 -59 0
-91 -11 0
-42 -22 0
-151 -71 0
-153 -41 0
-48 -16 0
-159 -7 0
-87 -63 0
-126 -78 0
-141 -109 0
-149 -29 0
-95 -47 0
-85 -5 0
-157 -45 0
-124 -40 0
-139 -91 0
-129 -65 0
-114 -74 0
-143 -31 0
-145 -65 0
-128 -52 0
-133 -85 0
-79 -7 0
-87 -71 0
-141 -21 0
-108 -80 0
-131 -3 0
-116 -64 0
-129 -41 0
-112 -44 0
-135 -23 0
-120 -60 0
-154 -66 0
-100 -56 0
-51 -3 0
-108 -56 0
-158 -110 0
-104 -4 0
-112 -68 0
-156 -8 0
-84 -48 0
-92 -64 0
-146 -106 0
-152 -52 0
-82 -2 0
-121 -37 0
-90 -66 0
-160 -20 0
-88 -44 0
-150 -6 0
-96 -60 0
-140 -48 0
-125 -17 0
-76 -8 0
-148 -96 0
-138 -18 0
-123 -103 0
-144 -12 0
-113 -13 0
-152 -92 0
-119 -19 0
-142 -94 0
-70 -6 0
-127 -115 0
-132 -24 0
-117 -41 0
-140 -88 0
-107 -15 0
-130 -90 0
-97 -21 0
-136 -36 0
-64 -12 0
-105 -53 0
-144 -100 0
-147 -111 0
-93 -65 0
-134 -86 0
-141 -1 0
-109 -65 0
-91 -23 0
-42 -10 0
-151 -107 0
-153 -5 0
-48 -36 0
-89 -45 0
-126 -106 0
-56 -36 0
-149 -49 0
-95 -3 0
-85 -25 0
-139 -71 0
-157 -49 0
-124 -68 0
-93 -41 0
-147 -7 0
-61 -1 0
-137 -61 0
-155 -71 0
-122 -30 0
-73 -5 0
-145 -45 0
-128 -88 0
-143 -115 0
-79 -27 0
-133 -73 0
-118 -66 0
-141 -57 0
-159 -83 0
-126 -2 0
-77 -17 0
-116 -28 0
-67 -7 0
-129 -53 0
-57 -29 0
-114 -22 0
-120 -32 0
-71 -19 0
-110 -26 0
-133 -33 0
-61 -25 0
-118 -42 0
-51 -31 0
-108 -20 0
-98 -30 0
-49 -21 0
-158 -74 0
-104 -40 0
-55 -27 0
-84 -76 0
-102 -18 0
-156 -100 0
-53 -33 0
-146 -78 0
-92 -28 0
-43 -23 0
-154 -62 0
-100 -76 0
-88 -80 0
-160 -120 0
-90 -38 0
-150 -34 0
-96 -32 0
-86 -26 0
-158 -34 0
-125 -53 0
-104 -80 0
-76 -36 0
-94 -74 0
-138 -54 0
-123 -3 0
-74 -30 0
-146 -54 0
-113 -41 0
-82 -78 0
-80 -24 0
-121 -89 0
-89 -1 0
-142 -58 0
-127 -23 0
-150 -74 0
-78 -34 0
-117 -13 0
-140 -116 0
-68 -28 0
-125 -93 0
-58 -22 0
-130 -62 0
-97 -49 0
-136 -8 0
-105 -17 0
-72 -32 0
-144 -72 0
-111 -15 0
-62 -26 0
-134 -50 0
-101 -37 0
-52 -20 0
-109 -37 0
-132 -108 0
-99 -19 0
-50 -30 0
-89 -9 0
-56 -8 0
-149 -85 0
-46 -18 0
-136 -112 0
-157 -21 0
-139 -99 0
-85 -61 0
-124 -112 0
-93 -13 0
-147 -35 0
-44 -28 0
-155 -35 0
-137 -89 0
-122 -50 0
-83 -11 0
-73 -33 0
-143 -87 0
-128 -76 0
-145 -9 0
-81 -33 0
-151 -23 0
-141 -93 0
-87 -15 0
-126 -62 0
-159 -55 0
-131 -91 0
-139 -11 0
-106 -74 0
-129 -17 0
-114 -58 0
-135 -95 0
-65 -9 0
-145 -113 0
-143 -47 0
-110 -54 0
-133 -5 0
-118 -54 0
-131 -51 0
-59 -11 0
-98 -34 0
-106 -34 0
-102 -62 0
-156 -80 0
-53 -5 0
-110 -78 0
-154 -18 0
-160 -108 0
-90 -58 0
-98 -74 0
-47 -7 0
-158 -30 0
-86 -38 0
-94 -38 0
-148 -24 0
-138 -42 0
-123 -47 0
-92 -80 0
-146 -26 0
-82 -50 0
-152 -4 0
-121 -117 0
-142 -22 0
-127 -11 0
-150 -86 0
-140 -32 0
-125 -97 0
-130 -2 0
-115 -55 0
-138 -66 0
-105 -13 0
-72 -4 0
-144 -92 0
-111 -35 0
-134 -30 0
-119 -35 0
-142 -110 0
-109 -9 0
-132 -72 0
-99 -15 0
-50 -2 0
-107 -63 0
-130 -106 0
-149 -105 0
-136 -84 0
-103 -11 0
-147 -63 0
-93 -17 0
-44 -8 0
-83 -39 0
-137 -117 0
-122 -86 0
-155 -15 0
-91 -39 0
-128 -112 0
-153 -85 0
-151 -59 0
-81 -13 0
-141 -65 0
-159 -43 0
-126 -90 0
-87 -19 0
-95 -51 0
-157 -65 0
-139 -55 0
-124 -20 0
-75 -15 0
-135 -67 0
-65 -21 0
-120 -72 0
-145 -93 0
-143 -3 0
-128 -8 0
-118 -18 0
-131 -47 0
-59 -23 0
-116 -44 0
-106 -6 0
-112 -32 0
-63 -3 0
-135 -43 0
-120 -48 0
-53 -25 0
-154 -118 0
-100 -4 0
-160 -80 0
-90 -30 0
-41 -5 0
-47 -27 0
-104 -24 0
-86 -66 0
-94 -2 0
-148 -52 0
-45 -17 0
-84 -28 0
-102 -66 0
-156 -52 0
-92 -44 0
-82 -22 0
-152 -40 0
-121 -17 0
-160 -40 0
-88 -32 0
-127 -47 0
-150 -114 0
-78 -26 0
-96 -80 0
-140 -60 0
-125 -5 0
-148 -76 0
-76 -20 0
-115 -19 0
-66 -30 0
-138 -102 0
-123 -83 0
-144 -64 0
-113 -25 0
-111 -71 0
-80 -40 0
-152 -80 0
-119 -7 0
-70 -18 0
-142 -74 0
-127 -71 0
-60 -28 0
-132 -36 0
-99 -43 0
-50 -38 0
-89 -65 0
-107 -27 0
-130 -78 0
-137 -1 0
-64 -32 0
-136 -56 0
-105 -65 0
-103 -47 0
-54 -26 0
-147 -91 0
-134 -98 0
-101 -21 0
-122 -106 0
-52 -36 0
-91 -3 0
-42 -30 0
-151 -95 0
-153 -49 0
-48 -24 0
-159 -15 0
-87 -55 0
-141 -101 0
-126 -118 0
-57 -1 0
-149 -37 0
-95 -23 0
-157 -37 0
-139 -83 0
-124 -64 0
-85 -13 0
-129 -89 0
-114 -66 0
-137 -9 0
-155 -115 0
-122 -2 0
-145 -57 0
-143 -103 0
-128 -60 0
-73 -17 0
-133 -93 0
-79 -15 0
-141 -13 0
-159 -103 0
-108 -72 0
-131 -11 0
-116 -8 0
-67 -19 0
-129 -33 0
-57 -9 0
-112 -52 0
-63 -39 0
-135 -15 0
-120 -52 0
-71 -39 0
-110 -6 0
-61 -13 0
-133 -53 0
-100 -64 0
-154 -74 0
-51 -11 0
-108 -48 0
-104 -60 0
-158 -86 0
-55 -15 0
-112 -76 0
-84 -56 0
-156 -32 0
-146 -98 0
-92 -56 0
-43 -35 0
-154 -34 0
-121 -45 0
-90 -74 0
-88 -36 0
-160 -28 0
-150 -30 0
-96 -36 0
-140 -40 0
-125 -41 0
-148 -104 0
-101 -1 0
-138 -26 0
-144 -20 0
-113 -5 0
-152 -84 0
-121 -69 0
-142 -38 0
-60 -40 0
-132 -32 0
-99 -71 0
-117 -49 0
-140 -80 0
-68 -40 0
-107 -7 0
-130 -82 0
-115 -71 0
-97 -45 0
-136 -28 0
-105 -61 0
-144 -108 0
-147 -119 0
-134 -78 0
-101 -9 0
-109 -57 0
-132 -120 0
-151 -99 0
-153 -13 0
-89 -53 0
-95 -11 0
-149 -57 0
-157 -9 0
-85 -33 0
-124 -92 0
-147 -15 0
-93 -33 0
-137 -37 0
-155 -95 0
-122 -38 0
-145 -37 0
-73 -13 0
-128 -96 0
-81 -61 0
-153 -101 0
-151 -11 0
-159 -91 0
-141 -49 0
-126 -10 0
-131 -103 0
-77 -9 0
-67 -15 0
-129 -13 0
-57 -37 0
-114 -14 0
-135 -115 0
-65 -37 0
-120 -24 0
-71 -11 0
-110 -34 0
-61 -17 0
-133 -41 0
-118 -34 0
-108 -12 0
-98 -22 0
-49 -13 0
-106 -54 0
-55 -19 0
-102 -10 0
-92 -20 0
-146 -70 0
-43 -15 0
-154 -6 0
-90 -46 0
-88 -72 0
-150 -58 0
-96 -8 0
-158 -42 0
-104 -72 0
-86 -18 0
-148 -4 0
-94 -50 0
-138 -62 0
-123 -27 0
-74 -6 0
-146 -46 0
-113 -33 0
-82 -70 0
-152 -120 0
-121 -97 0
-80 -32 0
-142 -2 0
-127 -31 0
-150 -66 0
-117 -21 0
-140 -108 0
-68 -4 0
-125 -85 0
-130 -54 0
-58 -30 0
-115 -35 0
-97 -73 0
-138 -86 0
-105 -25 0
-144 -80 0
-72 -24 0
-111 -23 0
-113 -73 0
-62 -2 0
-134 -42 0
-101 -45 0
-52 -28 0
-91 -75 0
-109 -29 0
-132 -84 0
-99 -27 0
-50 -22 0
-89 -17 0
-107 -75 0
-56 -32 0
-149 -93 0
-46 -26 0
-136 -104 0
-103 -31 0
-124 -104 0
-147 -43 0
-93 -5 0
-44 -20 0
-155 -59 0
-83 -19 0
-122 -58 0
-137 -65 0
-143 -95 0
-128 -116 0
-153 -65 0
-81 -25 0
-151 -47 0
-87 -7 0
-159 -63 0
-141 -85 0
-126 -38 0
-131 -67 0
-157 -117 0
-139 -3 0
-124 -16 0
-75 -27 0
-129 -105 0
-114 -50 0
-135 -87 0
-143 -55 0
-145 -105 0
-110 -62 0
-133 -13 0
-118 -14 0
-69 -21 0
-59 -3 0
-131 -59 0
-98 -58 0
-106 -42 0
-112 -4 0
-63 -23 0
-135 -63 0
-102 -54 0
-156 -72 0
-53 -13 0
-154 -26 0
-160 -84 0
-90 -2 0
-41 -17 0
-98 -66 0
-47 -15 0
-158 -6 0
-86 -62 0
-94 -46 0
-148 -32 0
-45 -37 0
-84 -8 0
-156 -48 0
-123 -39 0
-146 -18 0
-92 -72 0
-82 -42 0
-152 -28 0
-142 -30 0
-127 -51 0
-78 -6 0
-150 -110 0
-140 -24 0
-130 -26 0
-115 -63 0
-138 -74 0
-123 -79 0
-144 -36 0
-111 -43 0
-134 -22 0
-119 -59 0
-101 -65 0
-142 -118 0
-149 -1 0
-132 -80 0
-117 -65 0
-99 -55 0
-107 -55 0
-130 -98 0
-149 -113 0
-95 -67 0
-136 -76 0
-103 -3 0
-147 -71 0
-155 -7 0
-83 -47 0
-122 -94 0
-69 -1 0
-91 -63 0
-42 -34 0
-151 -51 0
-153 -93 0
-81 -5 0
-159 -19 0
-87 -43 0
-126 -66 0
-95 -59 0
-149 -9 0
-139 -47 0
-157 -89 0
-124 -44 0
-75 -7 0
-129 -117 0
-83 -71 0
-137 -21 0
-155 -111 0
-145 -85 0
-143 -11 0
-128 -16 0
-133 -97 0
-69 -9 0
-131 -23 0
-116 -52 0
-106 -14 0
-112 -40 0
-135 -35 0
-63 -11 0
-120 -40 0
-100 -12 0
-108 -60 0
-41 -13 0
-47 -35 0
-158 -98 0
-104 -16 0
-55 -35 0
-148 -60 0
-94 -10 0
-45 -9 0
-156 -12 0
-84 -36 0
-92 -36 0
-146 -118 0
-82 -14 0
-152 -64 0
-121 -25 0
-160 -48 0
-88 -24 0
-97 -1 0
-96 -56 0
-150 -10 0
-140 -52 0
-125 -29 0
-76 -12 0
-148 -84 0
-115 -27 0
-138 -110 0
-66 -22 0
-123 -107 0
-144 -8 0
-111 -79 0
-113 -17 0
-152 -72 0
-119 -31 0
-142 -82 0
-70 -10 0
-127 -79 0
-60 -20 0
-132 -44 0
-117 -37 0
-140 -92 0
-89 -73 0
-107 -19 0
-130 -70 0
-97 -25 0
-64 -8 0
-136 -48 0
-105 -73 0
-103 -39 0
-54 -18 0
-147 -99 0
-93 -77 0
-134 -90 0
-101 -29 0
-122 -114 0
-109 -77 0
-91 -27 0
-42 -6 0
-151 -87 0
-153 -57 0
-48 -32 0
-89 -33 0
-95 -31 0
-149 -45 0
-157 -61 0
-139 -75 0
-124 -56 0
-85 -21 0
-129 -81 0
-75 -35 0
-137 -49 0
-155 -75 0
-122 -10 0
-73 -25 0
-143 -111 0
-128 -36 0
-145 -49 0
-79 -23 0
-133 -69 0
-159 -111 0
-141 -5 0
-126 -22 0
-131 -115 0
-77 -29 0
-116 -16 0
-67 -27 0
-57 -17 0
-129 -57 0
-112 -60 0
-135 -7 0
-120 -12 0
-71 -31 0
-110 -14 0
-61 -5 0
-133 -61 0
-100 -40 0
-154 -82 0
-51 -19 0
-108 -40 0
-98 -10 0
-49 -25 0
-104 -52 0
-158 -94 0
-55 -7 0
-84 -64 0
-156 -24 0
-92 -16 0
-146 -90 0
-43 -27 0
-154 -42 0
-121 -53 0
-88 -60 0
-160 -4 0
-150 -22 0
-96 -44 0
-86 -14 0
-158 -54 0
-125 -33 0
-148 -112 0
-138 -2 0
-123 -119 0
-144 -28 0
-113 -61 0
-80 -4 0
-152 -108 0
-121 -77 0
-142 -46 0
-127 -99 0
-132 -8 0
-117 -57 0
-99 -79 0
-140 -72 0
-125 -73 0
-58 -2 0
-130 -42 0
-97 -37 0
-115 -79 0
-136 -20 0
-105 -37 0
-103 -75 0
-144 -116 0
-134 -70 0
-119 -75 0
-101 -49 0
-52 -8 0
-109 -49 0
-81 -77 0
-153 -21 0
-89 -61 0
-149 -65 0
-46 -6 0
-139 -119 0
-85 -41 0
-124 -84 0
-93 -57 0
-147 -23 0
-137 -45 0
-155 -87 0
-122 -46 0
-143 -67 0
-145 -29 0
-128 -72 0
-81 -53 0
-153 -109 0
-151 -3 0
-159 -67 0
-141 -41 0
-126 -50 0
-131 -111 0
-139 -31 0
-157 -105 0
-85 -65 0
-106 -70 0
-129 -5 0
-114 -6 0
-135 -107 0
-71 -3 0
-110 -42 0
-133 -17 0
-118 -58 0
-108 -4 0
-98 -46 0
-49 -5 0
-106 -62 0
-102 -2 0
-156 -116 0
-110 -66 0
-43 -7 0
-154 -14 0
-90 -54 0
-160 -104 0
-150 -50 0
-96 -16 0
-158 -18 0
-86 -42 0
-148 -12 0
-94 -58 0
-138 -38 0
-123 -19 0
-146 -38 0
-74 -14 0
-152 -16 0
-82 -62 0
-121 -105 0
-142 -10 0
-127 -7 0
-150 -90 0
-117 -29 0
-68 -12 0
-140 -100 0
-125 -109 0
-130 -14 0
-58 -38 0
-97 -65 0
-115 -43 0
-66 -38 0
-138 -94 0
-145 -1 0
-72 -16 0
-144 -88 0
-111 -31 0
-113 -65 0
-134 -34 0
-62 -10 0
-119 -47 0
-142 -98 0
-91 -67 0
-109 -21 0
-132 -92 0
-99 -3 0
-50 -14 0
-107 -67 0
-89 -25 0
-56 -24 0
-149 -101 0
-65 -1 0
-136 -96 0
-46 -34 0
-103 -23 0
-54 -34 0
-93 -29 0
-147 -51 0
-44 -12 0
-137 -73 0
-83 -27 0
-122 -66 0
-155 -51 0
-91 -43 0
-151 -39 0
-81 -17 0
-153 -73 0
-159 -39 0
-87 -31 0
-141 -77 0
-126 -46 0
-77 -37 0
-131 -75 0
-116 -72 0
-157 -77 0
-139 -59 0
-124 -8 0
-129 -97 0
-75 -19 0
-114 -42 0
-65 -25 0
-135 -79 0
-143 -63 0
-145 -97 0
-128 -20 0
-79 -39 0
-133 -117 0
-118 -6 0
-69 -29 0
-59 -27 0
-131 -35 0
-98 -50 0
-49 -33 0
-106 -18 0
-112 -12 0
-63 -31 0
-135 -55 0
-102 -46 0
-156 -96 0
-53 -21 0
-100 -24 0
-154 -98 0
-51 -35 0
-160 -92 0
-90 -10 0
-41 -25 0
-47 -23 0
-158 -14 0
-86 -54 0
-94 -22 0
-148 -40 0
-45 -29 0
-156 -40 0
-84 -16 0
-123 -63 0
-109 -1 0
-74 -34 0
-146 -10 0
-82 -34 0
-152 -20 0
-121 -5 0
-88 -12 0
-160 -52 0
-127 -59 0
-150 -102 0
-78 -14 0
-140 -16 0
-125 -113 0
-130 -18 0
-115 -7 0
-138 -114 0
-66 -10 0
-123 -71 0
-144 -44 0
-111 -51 0
-62 -38 0
-134 -14 0
-119 -51 0
-101 -73 0
-70 -38 0
-127 -83 0
-132 -56 0
-60 -16 0
-99 -63 0
-117 -73 0
-107 -47 0
-95 -75 0
-136 -68 0
-103 -59 0
-54 -14 0
-147 -79 0
-134 -118 0
-83 -55 0
-137 -101 0
-155 -31 0
-122 -102 0
-91 -55 0
-153 -37 0
-151 -75 0
-48 -4 0
-141 -113 0
-87 -35 0
-126 -74 0
-159 -27 0
-149 -17 0
-95 -35 0
-139 -39 0
-157 -81 0
-124 -36 0
-129 -77 0
-114 -78 0
-137 -29 0
-83 -79 0
-155 -103 0
-143 -19 0
-145 -77 0
-128 -56 0
-133 -105 0
-159 -115 0
-141 -25 0
-108 -76 0
-87 -75 0
-59 -39 0
-131 -31 0
-116 -60 0
-67 -39 0
-112 -48 0
-135 -27 0
-120 -64 0
-154 -70 0
-100 -52 0
-108 -52 0
-104 -8 0
-158 -106 0
-112 -72 0
-156 -4 0
-84 -44 0
-146 -110 0
-92 -60 0
-152 -56 0
-82 -6 0
-121 -33 0
-160 -24 0
-88 -48 0
-90 -70 0
-150 -2 0
-96 -64 0
-140 -44 0
-125 -21 0
-148 -92 0
-76 -4 0
-138 -22 0
-123 -99 0
-144 -16 0
-113 -9 0
-152 -96 0
-119 -23 0
-70 -2 0
-142 -90 0
-127 -119 0
-132 -20 0
-117 -45 0
-140 -84 0
-107 -11 0
-130 -94 0
-97 -17 0
-64 -16 0
-136 -40 0
-105 -49 0
-144 -104 0
-93 -69 0
-147 -107 0
-134 -82 0
-101 -5 0
-109 -69 0
-91 -19 0
-42 -14 0
-151 -111 0
-48 -40 0
-89 -41 0
-126 -102 0
-56 -40 0
-149 -53 0
-95 -7 0
-85 -29 0
-139 -67 0
-157 -53 0
-124 -80 0
-147 -3 0
-93 -45 0
-155 -67 0
-137 -57 0
-122 -18 0
-145 -41 0
-143 -119 0
-128 -44 0
-133 -77 0
-79 -31 0
-118 -78 0
-141 -61 0
-159 -87 0
-126 -30 0
-77 -21 0
-116 -24 0
-67 -3 0
-57 -25 0
-129 -49 0
-114 -26 0
-120 -4 0
-71 -23 0
-110 -22 0
-61 -29 0
-133 -37 0
-100 -48 0
-154 -90 0
-51 -27 0
-108 -32 0
-98 -2 0
-49 -17 0
-158 -70 0
-104 -44 0
-55 -31 0
-84 -72 0
-102 -30 0
-156 -112 0
-53 -37 0
-92 -8 0
-146 -82 0
-43 -19 0
-100 -72 0
-154 -50 0
-121 -61 0
-160 -12 0
-88 -52 0
-96 -20 0
-150 -46 0
-86 -6 0
-158 -62 0
-125 -57 0
-94 -70 0
-148 -120 0
-138 -10 0
-123 -15 0
-146 -58 0
-74 -18 0
-113 -53 0
-152 -100 0
-80 -12 0
-121 -85 0
-142 -54 0
-127 -107 0
-132 -16 0
-157 -1 0
-68 -24 0
-125 -65 0
-130 -34 0
-58 -10 0
-97 -61 0
-136 -12 0
-64 -36 0
-105 -45 0
-103 -67 0
-72 -36 0
-111 -3 0
-62 -22 0
-134 -62 0
-119 -67 0
-101 -57 0
-52 -16 0
-109 -41 0
-77 -1 0
-132 -104 0
-81 -69 0
-151 -115 0
-153 -29 0
-89 -5 0
-56 -12 0
-149 -73 0
-46 -14 0
-136 -116 0
-139 -111 0
-85 -49 0
-124 -108 0
-157 -25 0
-147 -31 0
-93 -49 0
-44 -40 0
-83 -7 0
-155 -47 0
-122 -54 0
-137 -85 0
-143 -75 0
-145 -21 0
-128 -80 0
-153 -117 0
-81 -45 0
-151 -27 0
-141 -33 0
-159 -75 0
-126 -58 0
-131 -87 0
-139 -23 0
-157 -97 0
-106 -78 0
-85 -73 0
-129 -29 0
-114 -62 0
-135 -99 0
-143 -35 0
-110 -50 0
-133 -25 0
-61 -33 0
-118 -50 0
-69 -33 0
-98 -38 0
-106 -38 0
-102 -58 0
-156 -76 0
-110 -74 0
-154 -22 0
-160 -112 0
-90 -62 0
-41 -37 0
-98 -78 0
-105 -1 0
-86 -34 0
-158 -26 0
-148 -20 0
-94 -34 0
-138 -46 0
-123 -43 0
-92 -76 0
-146 -30 0
-82 -54 0
-152 -8 0
-121 -113 0
-142 -18 0
-127 -15 0
-150 -82 0
-140 -28 0
-125 -101 0
-130 -6 0
-115 -51 0
-138 -70 0
-105 -9 0
-144 -96 0
-72 -8 0
-111 -39 0
-134 -26 0
-119 -39 0
-142 -106 0
-109 -13 0
-132 -68 0
-99 -11 0
-50 -6 0
-107 -59 0
-130 -110 0
-149 -109 0
-136 -88 0
-103 -15 0
-124 -120 0
-147 -59 0
-93 -21 0
-44 -4 0
-155 -11 0
-137 -113 0
-83 -35 0
-122 -74 0
-91 -35 0
-128 -100 0
-153 -81 0
-81 -9 0
-151 -63 0
-159 -47 0
-87 -23 0
-126 -86 0
-141 -69 0
-95 -55 0
-149 -5 0
-116 -80 0
-157 -69 0
-139 -51 0
-124 -32 0
-75 -11 0
-114 -34 0
-65 -17 0
-135 -71 0
-120 -76 0
-145 -89 0
-143 -7 0
-128 -28 0
-118 -30 0
-69 -5 0
-59 -19 0
-131 -43 0
-116 -40 0
-106 -26 0
-112 -20 0
-63 -7 0
-135 -47 0
-156 -88 0
-102 -38 0
-53 -29 0
-100 -32 0
-154 -106 0
-90 -18 0
-160 -68 0
-47 -31 0
-104 -28 0
-86 -78 0
-158 -118 0
-94 -30 0
-148 -48 0
-45 -21 0
-84 -24 0
-156 -64 0
-123 -55 0
-102 -78 0
-146 -2 0
-82 -26 0
-152 -44 0
-121 -13 0
-88 -4 0
-160 -60 0
-127 -35 0
-78 -22 0
-96 -68 0
-140 -8 0
-125 -9 0
-76 -32 0
-148 -72 0
-115 -15 0
-66 -2 0
-123 -95 0
-144 -52 0
-111 -59 0
-134 -6 0
-119 -11 0
-70 -30 0
-142 -70 0
-127 -91 0
-60 -8 0
-132 -64 0
-99 -39 0
-107 -39 0
-130 -114 0
-97 -13 0
-136 -60 0
-64 -20 0
-103 -51 0
-54 -6 0
-147 -87 0
-134 -110 0
-83 -63 0
-137 -109 0
-122 -110 0
-155 -23 0
-91 -15 0
-42 -18 0
-151 -67 0
-153 -45 0
-48 -12 0
-87 -59 0
-141 -105 0
-126 -114 0
-159 -3 0
-95 -43 0
-149 -25 0
-157 -41 0
-139 -95 0
-124 -60 0
-129 -69 0
-114 -70 0
-137 -5 0
-122 -6 0
-143 -27 0
-145 -69 0
-128 -64 0
-79 -3 0
-133 -81 0
-141 -17 0
-87 -67 0
-108 -68 0
-131 -7 0
-116 -4 0
-45 -1 0
-129 -45 0
-57 -5 0
-112 -56 0
-135 -19 0
-120 -56 0
-110 -2 0
-100 -60 0
-154 -78 0
-51 -7 0
-108 -44 0
-158 -82 0
-104 -64 0
-112 -80 0
-84 -52 0
-156 -28 0
-92 -52 0
-146 -102 0
-154 -38 0
-121 -41 0
-160 -32 0
-90 -78 0
-88 -40 0
-96 -40 0
-150 -26 0
-140 -36 0
-125 -45 0
-148 -100 0
-138 -30 0
-144 -24 0
-153 -1 0
-152 -88 0
-121 -65 0
-142 -34 0
-132 -28 0
-60 -36 0
-99 -67 0
-117 -53 0
-140 -76 0
-68 -36 0
-107 -3 0
-130 -86 0
-97 -41 0
-115 -67 0
-136 -32 0
-105 -57 0
-73 -1 0
-144 -112 0
-147 -115 0
-134 -74 0
-101 -13 0
-109 -61 0
-132 -116 0
-153 -9 0
-151 -103 0
-89 -49 0
-126 -110 0
-95 -15 0
-149 -61 0
-157 -13 0
-85 -37 0
-124 -72 0
-147 -11 0
-93 -37 0
-137 -33 0
-155 -91 0
-122 -26 0
-73 -9 0
-145 -33 0
-128 -84 0
-151 -15 0
-153 -97 0
-118 -70 0
-81 -57 0
-141 -53 0
-159 -95 0
-126 -6 0
-77 -13 0
-131 -99 0
-116 -32 0
-67 -11 0
-57 -33 0
-129 -9 0
-114 -18 0
-135 -119 0
-65 -33 0
-120 -28 0
-71 -15 0
-110 -30 0
-61 -21 0
-133 -45 0
-118 -46 0
-108 -24 0
-98 -26 0
-49 -9 0
-158 -78 0
-104 -36 0
-55 -23 0
-84 -80 0
-102 -22 0
-156 -104 0
-92 -32 0
-146 -74 0
-43 -11 0
-117 -1 0
-154 -58 0
-100 -80 0
-90 -34 0
-160 -116 0
-88 -76 0
-96 -28 0
-150 -38 0
-158 -38 0
-86 -30 0
-125 -49 0
-104 -76 0
-76 -40 0
-94 -78 0
-138 -50 0
-123 -7 0
-74 -26 0
-146 -50 0
-113 -45 0
-80 -20 0
-82 -74 0
-121 -93 0
-142 -62 0
-127 -19 0
-78 -38 0
-150 -78 0
-117 -9 0
-68 -32 0
-140 -120 0
-125 -89 0
-58 -18 0
-130 -58 0
-97 -53 0
-136 -4 0
-105 -21 0
-144 -68 0
-72 -28 0
-111 -11 0
-62 -30 0
-134 -54 0
-101 -33 0
-52 -24 0
-109 -33 0
-132 -112 0
-99 -23 0
-50 -26 0
-89 -13 0
-56 -4 0
-149 -81 0
-46 -22 0
-136 -108 0
-139 -103 0
-85 -57 0
-124 -100 0
-157 -17 0
-93 -9 0
-147 -39 0
-44 -32 0
-155 -39 0
-137 -93 0
-122 -62 0
-83 -15 0
-73 -37 0
-145 -13 0
-143 -83 0
-128 -120 0
-81 -37 0
-151 -19 0
-141 -89 0
-87 -11 0
-159 -51 0
-126 -34 0
-131 -95 0
-139 -15 0
-124 -12 0
-129 -21 0
-114 -54 0
-135 -91 0
-65 -13 0
-145 -117 0
-143 -43 0
-110 -58 0
-118 -10 0
-131 -55 0
-59 -15 0
-98 -62 0
-106 -46 0
-112 -8 0
-156 -68 0
-102 -50 0
-154 -30 0
-90 -6 0
-160 -88 0
-98 -70 0
-47 -3 0
-86 -58 0
-158 -2 0
-148 -28 0
-94 -42 0
-84 -4 0
-156 -44 0
-123 -35 0
-92 -68 0
-146 -22 0
-152 -32 0
-82 -46 0
-142 -26 0
-127 -55 0
-78 -2 0
-150 -106 0
-140 -20 0
-130 -30 0
-115 -59 0
-138 -78 0
-123 -75 0
-144 -40 0
-111 -47 0
-134 -18 0
-119 -63 0
-101 -69 0
-142 -114 0
-109 -5 0
-132 -76 0
-117 -69 0
-99 -51 0
-107 -51 0
-130 -102 0
-149 -117 0
-95 -71 0
-136 -80 0
-103 -7 0
-147 -67 0
-155 -3 0
-83 -43 0
-122 -82 0
-91 -59 0
-128 -108 0
-42 -38 0
-151 -55 0
-153 -89 0
-159 -23 0
-87 -47 0
-126 -94 0
-149 -13 0
-95 -63 0
-139 -43 0
-157 -93 0
-124 -24 0
-129 -113 0
-75 -3 0
-83 -67 0
-137 -17 0
-120 -68 0
-155 -107 0
-143 -15 0
-145 -81 0
-128 -4 0
-41 -1 0
-133 -101 0
-118 -22 0
-69 -13 0
-131 -19 0
-116 -48 0
-106 -2 0
-112 -28 0
-63 -15 0
-135 -39 0
-120 -44 0
-100 -8 0
-154 -114 0
-90 -26 0
-160 -76 0
-41 -9 0
-47 -39 0
-86 -70 0
-104 -20 0
-55 -39 0
-148 -56 0
-94 -6 0
-45 -13 0
-102 -70 0
-156 -56 0
-84 -32 0
-92 -48 0
-82 -18 0
-152 -36 0
-121 -21 0
-88 -28 0
-160 -36 0
-127 -43 0
-150 -118 0
-96 -76 0
-78 -30 0
-140 -64 0
-76 -24 0
-148 -80 0
-115 -23 0
-66 -26 0
-138 -98 0
-123 -87 0
-144 -60 0
-113 -29 0
-111 -67 0
-152 -76 0
-80 -36 0
-119 -3 0
-142 -78 0
-70 -22 0
-127 -67 0
-132 -40 0
-60 -32 0
-99 -47 0
-85 -1 0
-50 -34 0
-107 -31 0
-89 -69 0
-130 -74 0
-97 -5 0
-64 -28 0
-136 -52 0
-103 -43 0
-105 -69 0
-54 -30 0
-147 -95 0
-134 -102 0
-101 -17 0
-122 -118 0
-52 -40 0
-91 -7 0
-42 -26 0
-153 -53 0
-151 -91 0
-48 -20 0
-141 -97 0
-159 -11 0
-87 -51 0
-149 -33 0
-95 -19 0
-85 -9 0
-157 -33 0
-124 -52 0
-139 -87 0
-129 -93 0
-155 -119 0
-137 -13 0
-122 -14 0
-143 -99 0
-73 -21 0
-145 -61 0
-128 -40 0
-133 -89 0
-79 -11 0
-159 -99 0
-141 -9 0
-126 -18 0
-131 -15 0
-116 -12 0
-67 -23 0
-129 -37 0
-57 -13 0
-112 -64 0
-135 -11 0
-63 -35 0
-120 -16 0
-71 -35 0
-110 -10 0
-61 -9 0
-133 -49 0
-154 -86 0
-100 -36 0
-51 -15 0
-108 -36 0
-98 -14 0
-104 -56 0
-158 -90 0
-55 -11 0
-113 -1 0
-156 -20 0
-84 -60 0
-146 -94 0
-92 -12 0
-43 -39 0
-154 -46 0
-121 -49 0
-160 -8 0
-88 -64 0
-96 -48 0
-150 -18 0
-86 -10 0
-158 -50 0
-125 -37 0
-148 -108 0
-138 -6 0
-123 -115 0
-144 -32 0
-113 -57 0
-80 -8 0
-152 -112 0
-121 -73 0
-142 -42 0
-127 -103 0
-132 -4 0
-117 -61 0
-99 -75 0
-140 -68 0
-125 -77 0
-130 -46 0
-58 -6 0
-97 -33 0
-115 -75 0
-136 -24 0
-105 -33 0
-103 -79 0
-144 -120 0
-134 -66 0
-101 -53 0
-119 -79 0
-52 -4 0
-109 -53 0
-153 -17 0
-81 -73 0
-89 -57 0
-149 -69 0
-46 -2 0
-139 -115 0
-157 -5 0
-85 -45 0
-124 -96 0
-147 -19 0
-93 -61 0
-137 -41 0
-155 -83 0
-122 -34 0
-145 -25 0
-143 -71 0
-128 -92 0
-81 -49 0
-151 -7 0
-153 -105 0
-159 -71 0
-141 -45 0
-126 -14 0
-131 -107 0
-77 -5 0
-157 -109 0
-85 -69 0
-139 -27 0
-114 -10 0
-135 -111 0
-120 -20 0
-71 -7 0
-110 -38 0
-133 -21 0
-118 -38 0
-108 -16 0
-98 -18 0
-106 -50 0
-102 -14 0
