c Graph colouring
c
c edges;1,11;1,12;1,13;1,14;1,15;1,16;1,17;1,18;1,19;1,20;2,11;2,12;2,13;2,14;2,15;2,16;2,17;2,18;2,19;2,20;3,11;3,12;3,13;3,14;3,15;3,16;3,17;3,18;3,19;3,20;4,11;4,12;4,13;4,14;4,15;4,16;4,17;4,18;4,19;4,20;5,11;5,12;5,13;5,14;5,15;5,16;5,17;5,18;5,19;5,20;6,11;6,12;6,13;6,14;6,15;6,16;6,17;6,18;6,19;6,20;7,11;7,12;7,13;7,14;7,15;7,16;7,17;7,18;7,19;7,20;8,11;8,12;8,13;8,14;8,15;8,16;8,17;8,18;8,19;8,20;9,11;9,12;9,13;9,14;9,15;9,16;9,17;9,18;9,19;9,20;10,11;10,12;10,13;10,14;10,15;10,16;10,17;10,18;10,19;10,20;11,21;11,22;11,23;11,24;11,25;11,26;11,27;11,28;11,29;11,30;11,31;11,32;11,33;11,34;11,35;11,36;11,37;11,38;11,39;11,40;11,41;11,42;11,43;11,44;11,45;11,46;11,47;11,48;11,49;11,50;12,21;12,22;12,23;12,24;12,25;12,26;12,27;12,28;12,29;12,30;12,31;12,32;12,33;12,34;12,35;12,36;12,37;12,38;12,39;12,40;12,41;12,42;12,43;12,44;12,45;12,46;12,47;12,48;12,49;12,50;13,21;13,22;13,23;13,24;13,25;13,26;13,27;13,28;13,29;13,30;13,31;13,32;13,33;13,34;13,35;13,36;13,37;13,38;13,39;13,40;13,41;13,42;13,43;13,44;13,45;13,46;13,47;13,48;13,49;13,50;14,21;14,22;14,23;14,24;14,25;14,26;14,27;14,28;14,29;14,30;14,31;14,32;14,33;14,34;14,35;14,36;14,37;14,38;14,39;14,40;14,41;14,42;14,43;14,44;14,45;14,46;14,47;14,48;14,49;14,50;15,21;15,22;15,23;15,24;15,25;15,26;15,27;15,28;15,29;15,30;15,31;15,32;15,33;15,34;15,35;15,36;15,37;15,38;15,39;15,40;15,41;15,42;15,43;15,44;15,45;15,46;15,47;15,48;15,49;15,50;16,21;16,22;16,23;16,24;16,25;16,26;16,27;16,28;16,29;16,30;16,31;16,32;16,33;16,34;16,35;16,36;16,37;16,38;16,39;16,40;16,41;16,42;16,43;16,44;16,45;16,46;16,47;16,48;16,49;16,50;17,21;17,22;17,23;17,24;17,25;17,26;17,27;17,28;17,29;17,30;17,31;17,32;17,33;17,34;17,35;17,36;17,37;17,38;17,39;17,40;17,41;17,42;17,43;17,44;17,45;17,46;17,47;17,48;17,49;17,50;18,21;18,22;18,23;18,24;18,25;18,26;18,27;18,28;18,29;18,30;18,31;18,32;18,33;18,34;18,35;18,36;18,37;18,38;18,39;18,40;18,41;18,42;18,43;18,44;18,45;18,46;18,47;18,48;18,49;18,50;19,21;19,22;19,23;19,24;19,25;19,26;19,27;19,28;19,29;19,30;19,31;19,32;19,33;19,34;19,35;19,36;19,37;19,38;19,39;19,40;19,41;19,42;19,43;19,44;19,45;19,46;19,47;19,48;19,49;19,50;20,21;20,22;20,23;20,24;20,25;20,26;20,27;20,28;20,29;20,30;20,31;20,32;20,33;20,34;20,35;20,36;20,37;20,38;20,39;20,40;20,41;20,42;20,43;20,44;20,45;20,46;20,47;20,48;20,49;20,50;21,31;21,32;21,33;21,34;21,35;21,36;21,37;21,38;21,39;21,40;21,41;21,42;21,43;21,44;21,45;21,46;21,47;21,48;21,49;21,50;22,31;22,32;22,33;22,34;22,35;22,36;22,37;22,38;22,39;22,40;22,41;22,42;22,43;22,44;22,45;22,46;22,47;22,48;22,49;22,50;23,31;23,32;23,33;23,34;23,35;23,36;23,37;23,38;23,39;23,40;23,41;23,42;23,43;23,44;23,45;23,46;23,47;23,48;23,49;23,50;24,31;24,32;24,33;24,34;24,35;24,36;24,37;24,38;24,39;24,40;24,41;24,42;24,43;24,44;24,45;24,46;24,47;24,48;24,49;24,50;25,31;25,32;25,33;25,34;25,35;25,36;25,37;25,38;25,39;25,40;25,41;25,42;25,43;25,44;25,45;25,46;25,47;25,48;25,49;25,50;26,31;26,32;26,33;26,34;26,35;26,36;26,37;26,38;26,39;26,40;26,41;26,42;26,43;26,44;26,45;26,46;26,47;26,48;26,49;26,50;27,31;27,32;27,33;27,34;27,35;27,36;27,37;27,38;27,39;27,40;27,41;27,42;27,43;27,44;27,45;27,46;27,47;27,48;27,49;27,50;28,31;28,32;28,33;28,34;28,35;28,36;28,37;28,38;28,39;28,40;28,41;28,42;28,43;28,44;28,45;28,46;28,47;28,48;28,49;28,50;29,31;29,32;29,33;29,34;29,35;29,36;29,37;29,38;29,39;29,40;29,41;29,42;29,43;29,44;29,45;29,46;29,47;29,48;29,49;29,50;30,31;30,32;30,33;30,34;30,35;30,36;30,37;30,38;30,39;30,40;30,41;30,42;30,43;30,44;30,45;30,46;30,47;30,48;30,49;30,50;31,41;31,42;31,43;31,44;31,45;31,46;31,47;31,48;31,49;31,50;32,41;32,42;32,43;32,44;32,45;32,46;32,47;32,48;32,49;32,50;33,41;33,42;33,43;33,44;33,45;33,46;33,47;33,48;33,49;33,50;34,41;34,42;34,43;34,44;34,45;34,46;34,47;34,48;34,49;34,50;35,41;35,42;35,43;35,44;35,45;35,46;35,47;35,48;35,49;35,50;36,41;36,42;36,43;36,44;36,45;36,46;36,47;36,48;36,49;36,50;37,41;37,42;37,43;37,44;37,45;37,46;37,47;37,48;37,49;37,50;38,41;38,42;38,43;38,44;38,45;38,46;38,47;38,48;38,49;38,50;39,41;39,42;39,43;39,44;39,45;39,46;39,47;39,48;39,49;39,50;40,41;40,42;40,43;40,44;40,45;40,46;40,47;40,48;40,49;40,50
c n = number of vertices = 50
c m = number of edges = 700
c k = number of colours = 5
c vertex i=0,...,n-1 has colour c=0,...,k-1 if variable i*k+c+1 True
c
c We have nk=250 variables and n+(k^2-k)n/2+mk=4050 clauses.
c
p cnf 250 4050
1 2 3 4 5 0
6 7 8 9 10 0
11 12 13 14 15 0
16 17 18 19 20 0
21 22 23 24 25 0
26 27 28 29 30 0
31 32 33 34 35 0
36 37 38 39 40 0
41 42 43 44 45 0
46 47 48 49 50 0
51 52 53 54 55 0
56 57 58 59 60 0
61 62 63 64 65 0
66 67 68 69 70 0
71 72 73 74 75 0
76 77 78 79 80 0
81 82 83 84 85 0
86 87 88 89 90 0
91 92 93 94 95 0
96 97 98 99 100 0
101 102 103 104 105 0
106 107 108 109 110 0
111 112 113 114 115 0
116 117 118 119 120 0
121 122 123 124 125 0
126 127 128 129 130 0
131 132 133 134 135 0
136 137 138 139 140 0
141 142 143 144 145 0
146 147 148 149 150 0
151 152 153 154 155 0
156 157 158 159 160 0
161 162 163 164 165 0
166 167 168 169 170 0
171 172 173 174 175 0
176 177 178 179 180 0
181 182 183 184 185 0
186 187 188 189 190 0
191 192 193 194 195 0
196 197 198 199 200 0
201 202 203 204 205 0
206 207 208 209 210 0
211 212 213 214 215 0
216 217 218 219 220 0
221 222 223 224 225 0
226 227 228 229 230 0
231 232 233 234 235 0
236 237 238 239 240 0
241 242 243 244 245 0
246 247 248 249 250 0
-239 -236 0
-222 -221 0
-18 -17 0
-79 -78 0
-160 -159 0
-90 -88 0
-250 -246 0
-183 -181 0
-69 -66 0
-93 -92 0
-94 -92 0
-229 -228 0
-173 -171 0
-4 -3 0
-219 -218 0
-142 -141 0
-240 -237 0
-223 -222 0
-75 -71 0
-215 -211 0
-60 -58 0
-209 -206 0
-14 -12 0
-64 -62 0
-235 -232 0
-15 -13 0
-85 -82 0
-58 -57 0
-198 -197 0
-100 -98 0
-244 -243 0
-20 -19 0
-88 -86 0
-185 -182 0
-145 -144 0
-210 -207 0
-44 -42 0
-180 -178 0
-40 -36 0
-15 -12 0
-230 -226 0
-50 -49 0
-190 -189 0
-225 -222 0
-110 -107 0
-117 -116 0
-219 -216 0
-140 -137 0
-123 -121 0
-7 -6 0
-199 -198 0
-197 -196 0
-65 -63 0
-42 -41 0
-182 -181 0
-74 -73 0
-214 -213 0
-228 -227 0
-174 -173 0
-45 -42 0
-169 -166 0
-80 -77 0
-119 -117 0
-245 -243 0
-105 -103 0
-53 -51 0
-99 -98 0
-243 -241 0
-23 -22 0
-215 -214 0
-135 -133 0
-100 -96 0
-160 -157 0
-77 -76 0
-213 -212 0
-9 -8 0
-133 -131 0
-10 -7 0
-114 -112 0
-250 -248 0
-203 -202 0
-195 -192 0
-229 -226 0
-177 -176 0
-119 -116 0
-129 -127 0
-138 -137 0
-20 -16 0
-135 -132 0
-179 -176 0
-39 -38 0
-25 -24 0
-165 -164 0
-149 -147 0
-13 -11 0
-190 -186 0
-234 -232 0
-27 -26 0
-68 -67 0
-163 -162 0
-139 -137 0
-130 -126 0
-194 -193 0
-30 -27 0
-208 -207 0
-55 -51 0
-20 -17 0
-244 -241 0
-154 -153 0
-124 -122 0
-145 -142 0
-78 -76 0
-128 -126 0
-67 -66 0
-170 -166 0
-230 -228 0
-110 -109 0
-29 -27 0
-112 -111 0
-143 -142 0
-153 -151 0
-122 -121 0
-218 -216 0
-52 -51 0
-84 -83 0
-120 -118 0
-8 -7 0
-65 -61 0
-108 -106 0
-148 -146 0
-200 -198 0
-114 -113 0
-69 -67 0
-188 -186 0
-140 -136 0
-83 -82 0
-70 -67 0
-195 -193 0
-95 -91 0
-105 -101 0
-245 -241 0
-57 -56 0
-249 -248 0
-125 -124 0
-22 -21 0
-98 -96 0
-59 -58 0
-104 -102 0
-248 -247 0
-24 -23 0
-9 -6 0
-209 -207 0
-63 -62 0
-194 -191 0
-164 -162 0
-12 -11 0
-184 -182 0
-115 -112 0
-85 -83 0
-204 -202 0
-54 -51 0
-19 -17 0
-198 -196 0
-55 -54 0
-233 -232 0
-109 -108 0
-185 -183 0
-113 -111 0
-74 -71 0
-38 -37 0
-90 -89 0
-43 -42 0
-179 -178 0
-134 -131 0
-210 -206 0
-35 -32 0
-232 -231 0
-40 -39 0
-25 -22 0
-165 -162 0
-190 -188 0
-225 -223 0
-193 -191 0
-110 -106 0
-130 -128 0
-28 -27 0
-220 -219 0
-82 -81 0
-30 -29 0
-59 -56 0
-32 -31 0
-224 -223 0
-35 -33 0
-214 -212 0
-103 -102 0
-89 -88 0
-174 -172 0
-169 -167 0
-45 -43 0
-175 -173 0
-170 -168 0
-150 -147 0
-235 -233 0
-137 -136 0
-205 -204 0
-144 -143 0
-95 -94 0
-84 -81 0
-120 -116 0
-79 -77 0
-200 -196 0
-10 -6 0
-175 -172 0
-229 -227 0
-93 -91 0
-70 -69 0
-219 -217 0
-72 -71 0
-167 -166 0
-125 -122 0
-249 -246 0
-17 -16 0
-157 -156 0
-240 -238 0
-48 -46 0
-154 -151 0
-223 -221 0
-60 -59 0
-155 -154 0
-24 -21 0
-79 -76 0
-62 -61 0
-64 -63 0
-159 -158 0
-235 -231 0
-115 -114 0
-85 -81 0
-5 -4 0
-30 -26 0
-54 -53 0
-100 -99 0
-88 -87 0
-238 -237 0
-34 -33 0
-109 -106 0
-185 -181 0
-33 -32 0
-145 -143 0
-34 -31 0
-134 -133 0
-210 -208 0
-250 -249 0
-212 -211 0
-44 -43 0
-40 -37 0
-180 -179 0
-15 -11 0
-225 -221 0
-110 -108 0
-220 -217 0
-140 -138 0
-87 -86 0
-199 -197 0
-242 -241 0
-224 -221 0
-73 -72 0
-155 -152 0
-239 -238 0
-147 -146 0
-75 -74 0
-99 -96 0
-89 -86 0
-45 -41 0
-49 -48 0
-80 -78 0
-189 -188 0
-50 -47 0
-234 -233 0
-150 -149 0
-187 -186 0
-168 -166 0
-70 -66 0
-205 -202 0
-144 -141 0
-199 -196 0
-99 -97 0
-215 -213 0
-23 -21 0
-37 -36 0
-160 -158 0
-9 -7 0
-213 -211 0
-90 -87 0
-10 -8 0
-203 -201 0
-183 -182 0
-195 -191 0
-94 -91 0
-173 -172 0
-218 -217 0
-4 -2 0
-4 -1 0
-178 -176 0
-240 -236 0
-75 -72 0
-215 -212 0
-135 -131 0
-60 -57 0
-38 -36 0
-39 -37 0
-158 -157 0
-210 -209 0
-180 -176 0
-14 -11 0
-64 -61 0
-25 -23 0
-207 -206 0
-165 -163 0
-15 -14 0
-163 -161 0
-5 -2 0
-5 -1 0
-217 -216 0
-30 -28 0
-100 -97 0
-244 -242 0
-20 -18 0
-132 -131 0
-124 -123 0
-130 -129 0
-145 -141 0
-39 -36 0
-128 -127 0
-180 -177 0
-44 -41 0
-150 -146 0
-143 -141 0
-118 -117 0
-123 -122 0
-120 -119 0
-97 -96 0
-65 -64 0
-127 -126 0
-228 -226 0
-108 -107 0
-148 -147 0
-200 -199 0
-49 -46 0
-80 -76 0
-189 -186 0
-220 -216 0
-188 -187 0
-83 -81 0
-70 -68 0
-119 -118 0
-178 -177 0
-53 -52 0
-105 -104 0
-245 -244 0
-125 -123 0
-47 -46 0
-192 -191 0
-249 -247 0
-102 -101 0
-58 -56 0
-107 -106 0
-243 -242 0
-59 -57 0
-104 -103 0
-135 -134 0
-160 -156 0
-133 -132 0
-250 -247 0
-114 -111 0
-202 -201 0
-194 -192 0
-170 -169 0
-63 -61 0
-92 -91 0
-164 -163 0
-184 -183 0
-115 -111 0
-162 -161 0
-94 -93 0
-129 -128 0
-172 -171 0
-204 -203 0
-54 -52 0
-19 -16 0
-55 -53 0
-238 -236 0
-109 -107 0
-233 -231 0
-74 -72 0
-227 -226 0
-179 -177 0
-43 -41 0
-134 -132 0
-35 -31 0
-14 -13 0
-25 -21 0
-165 -161 0
-13 -12 0
-149 -148 0
-234 -231 0
-68 -66 0
-139 -138 0
-208 -206 0
-55 -52 0
-124 -121 0
-60 -56 0
-103 -101 0
-89 -87 0
-230 -227 0
-50 -46 0
-150 -148 0
-2 -1 0
-153 -152 0
-29 -28 0
-205 -203 0
-95 -93 0
-84 -82 0
-138 -136 0
-120 -117 0
-8 -6 0
-65 -62 0
-200 -197 0
-90 -86 0
-175 -171 0
-69 -68 0
-139 -136 0
-3 -2 0
-195 -194 0
-3 -1 0
-95 -92 0
-98 -97 0
-105 -102 0
-245 -242 0
-125 -121 0
-48 -47 0
-240 -239 0
-154 -152 0
-18 -16 0
-104 -101 0
-155 -153 0
-24 -22 0
-248 -246 0
-209 -208 0
-158 -156 0
-164 -161 0
-159 -157 0
-184 -181 0
-115 -113 0
-129 -126 0
-85 -84 0
-5 -3 0
-204 -201 0
-19 -18 0
-113 -112 0
-185 -184 0
-33 -31 0
-10 -9 0
-34 -32 0
-40 -38 0
-159 -156 0
-152 -151 0
-149 -146 0
-190 -187 0
-193 -192 0
-225 -224 0
-130 -127 0
-220 -218 0
-28 -26 0
-140 -139 0
-118 -116 0
-224 -222 0
-73 -71 0
-155 -151 0
-239 -237 0
-35 -34 0
-214 -211 0
-75 -73 0
-247 -246 0
-78 -77 0
-174 -171 0
-237 -236 0
-169 -168 0
-45 -44 0
-49 -47 0
-189 -187 0
-80 -79 0
-170 -167 0
-175 -174 0
-230 -229 0
-50 -48 0
-235 -234 0
-168 -167 0
-29 -26 0
-205 -201 0
-144 -142 0
-106 -71 0
-146 -66 0
-238 -113 0
-203 -63 0
-166 -131 0
-210 -165 0
-248 -88 0
-125 -90 0
-201 -101 0
-219 -159 0
-170 -130 0
-244 -139 0
-226 -101 0
-214 -89 0
-215 -75 0
-236 -76 0
-72 -27 0
-128 -78 0
-237 -92 0
-204 -99 0
-153 -123 0
-138 -58 0
-248 -143 0
-177 -77 0
-197 -132 0
-183 -83 0
-99 -24 0
-228 -163 0
-191 -51 0
-157 -127 0
-176 -126 0
-89 -14 0
-182 -107 0
-114 -64 0
-168 -148 0
-150 -70 0
-207 -147 0
-211 -86 0
-68 -8 0
-196 -91 0
-124 -99 0
-216 -136 0
-222 -97 0
-226 -126 0
-249 -199 0
-73 -38 0
-200 -95 0
-59 -9 0
-187 -62 0
-168 -118 0
-227 -197 0
-177 -72 0
-87 -12 0
-52 -32 0
-220 -60 0
-131 -96 0
-189 -129 0
-157 -122 0
-196 -51 0
-236 -156 0
-181 -116 0
-149 -89 0
-224 -64 0
-206 -106 0
-210 -155 0
-228 -53 0
-208 -193 0
-160 -110 0
-237 -187 0
-241 -186 0
-170 -120 0
-244 -149 0
-189 -99 0
-83 -23 0
-86 -36 0
-203 -198 0
-131 -56 0
-240 -65 0
-245 -190 0
-210 -110 0
-229 -109 0
-177 -127 0
-141 -81 0
-234 -124 0
-159 -59 0
-202 -67 0
-131 -71 0
-228 -173 0
-230 -200 0
-165 -145 0
-56 -21 0
-243 -123 0
-188 -133 0
-207 -97 0
-206 -111 0
-172 -67 0
-65 -5 0
-213 -133 0
-90 -5 0
-237 -182 0
-165 -100 0
-93 -28 0
-58 -48 0
-167 -137 0
-170 -125 0
-226 -116 0
-247 -127 0
-122 -67 0
-91 -46 0
-144 -94 0
-239 -94 0
-243 -153 0
-209 -89 0
-101 -91 0
-141 -76 0
-235 -115 0
-247 -157 0
-212 -167 0
-196 -61 0
-217 -92 0
-110 -90 0
-207 -112 0
-100 -20 0
-136 -86 0
-231 -86 0
-232 -162 0
-235 -145 0
-143 -58 0
-202 -147 0
-221 -96 0
-115 -60 0
-225 -155 0
-79 -34 0
-154 -139 0
-250 -135 0
-163 -93 0
-128 -98 0
-187 -67 0
-209 -84 0
-208 -58 0
-210 -100 0
-102 -82 0
-229 -159 0
-119 -64 0
-178 -123 0
-87 -17 0
-217 -52 0
-198 -128 0
-224 -154 0
-211 -131 0
-249 -54 0
-157 -67 0
-233 -148 0
-107 -52 0
-110 -95 0
-243 -73 0
-154 -99 0
-210 -130 0
-135 -65 0
-174 -104 0
-197 -77 0
-145 -95 0
-54 -49 0
-247 -77 0
-163 -68 0
-188 -78 0
-151 -56 0
-81 -1 0
-102 -87 0
-229 -154 0
-212 -72 0
-127 -87 0
-202 -122 0
-132 -52 0
-188 -63 0
-117 -77 0
-247 -147 0
-156 -86 0
-212 -177 0
-214 -149 0
-236 -136 0
-164 -54 0
-239 -149 0
-114 -89 0
-100 -30 0
-211 -121 0
-174 -109 0
-103 -63 0
-231 -76 0
-90 -20 0
-201 -51 0
-241 -166 0
-137 -97 0
-156 -141 0
-66 -11 0
-194 -114 0
-69 -14 0
-215 -125 0
-219 -104 0
-59 -44 0
-229 -129 0
-158 -133 0
-176 -51 0
-217 -62 0
-74 -44 0
-203 -113 0
-183 -133 0
-116 -96 0
-99 -34 0
-228 -73 0
-233 -158 0
-214 -174 0
-242 -157 0
-97 -12 0
-175 -110 0
-213 -153 0
-232 -77 0
-160 -75 0
-90 -25 0
-147 -82 0
-243 -198 0
-209 -54 0
-246 -81 0
-247 -67 0
-194 -79 0
-195 -105 0
-159 -119 0
-108 -88 0
-181 -136 0
-55 -40 0
-203 -153 0
-239 -114 0
-240 -110 0
-116 -56 0
-209 -69 0
-212 -82 0
-231 -156 0
-178 -98 0
-234 -69 0
-235 -95 0
-142 -72 0
-199 -109 0
-92 -47 0
-202 -112 0
-166 -126 0
-223 -123 0
-205 -145 0
-132 -62 0
-82 -17 0
-192 -92 0
-233 -133 0
-159 -149 0
-75 -50 0
-114 -79 0
-169 -59 0
-120 -85 0
-219 -199 0
-201 -61 0
-128 -53 0
-222 -52 0
-170 -90 0
-133 -88 0
-173 -63 0
-123 -88 0
-250 -155 0
-178 -138 0
-215 -115 0
-162 -127 0
-108 -73 0
-144 -59 0
-183 -108 0
-94 -14 0
-245 -100 0
-80 -35 0
-229 -179 0
-67 -42 0
-213 -73 0
-142 -77 0
-180 -130 0
-242 -62 0
-223 -98 0
-205 -140 0
-208 -143 0
-193 -53 0
-228 -123 0
-85 -15 0
-218 -53 0
-71 -46 0
-242 -147 0
-136 -51 0
-105 -70 0
-232 -127 0
-179 -119 0
-215 -155 0
-51 -1 0
-54 -29 0
-202 -192 0
-180 -105 0
-76 -16 0
-148 -88 0
-222 -57 0
-227 -142 0
-173 -58 0
-163 -128 0
-220 -115 0
-184 -109 0
-204 -164 0
-187 -102 0
-59 -49 0
-208 -103 0
-173 -73 0
-67 -17 0
-199 -99 0
-95 -20 0
-82 -7 0
-209 -194 0
-211 -166 0
-85 -10 0
-201 -96 0
-129 -94 0
-239 -169 0
-244 -164 0
-207 -82 0
-151 -141 0
-155 -120 0
-64 -4 0
-250 -60 0
-218 -163 0
-238 -168 0
-241 -66 0
-223 -178 0
-170 -80 0
-245 -195 0
-134 -94 0
-119 -99 0
-163 -103 0
-91 -31 0
-201 -186 0
-223 -193 0
-155 -150 0
-173 -68 0
-242 -52 0
-223 -88 0
-205 -190 0
-172 -122 0
-191 -121 0
-139 -79 0
-157 -57 0
-196 -116 0
-217 -137 0
-88 -38 0
-201 -71 0
-219 -189 0
-71 -36 0
-130 -95 0
-216 -81 0
-239 -184 0
-100 -35 0
-250 -65 0
-51 -16 0
-179 -69 0
-165 -60 0
-221 -141 0
-148 -98 0
-238 -173 0
-98 -13 0
-79 -19 0
-241 -121 0
-240 -145 0
-201 -161 0
-183 -113 0
-112 -87 0
-203 -133 0
-206 -146 0
-151 -106 0
-245 -125 0
-121 -71 0
-102 -97 0
-249 -124 0
-176 -96 0
-217 -97 0
-182 -137 0
-238 -88 0
-207 -177 0
-63 -43 0
-194 -134 0
-157 -52 0
-216 -106 0
-184 -129 0
-97 -47 0
-243 -58 0
-151 -131 0
-244 -174 0
-154 -94 0
-155 -70 0
-173 -148 0
-194 -59 0
-214 -64 0
-73 -8 0
-237 -117 0
-236 -111 0
-221 -136 0
-241 -116 0
-223 -168 0
-225 -195 0
-168 -88 0
-190 -55 0
-247 -62 0
-109 -59 0
-220 -70 0
-113 -58 0
-203 -188 0
-206 -151 0
-193 -98 0
-146 -86 0
-57 -32 0
-238 -93 0
-167 -97 0
-149 -59 0
-207 -192 0
-154 -54 0
-210 -185 0
-117 -62 0
-191 -111 0
-85 -35 0
-233 -108 0
-230 -190 0
-68 -43 0
-196 -126 0
-219 -139 0
-164 -69 0
-241 -156 0
-170 -150 0
-189 -69 0
-100 -45 0
-86 -1 0
-158 -58 0
-72 -47 0
-201 -196 0
-237 -112 0
-98 -3 0
-153 -103 0
-229 -79 0
-248 -163 0
-175 -135 0
-250 -200 0
-159 -89 0
-230 -85 0
-141 -51 0
-109 -54 0
-220 -95 0
-188 -118 0
-226 -191 0
-227 -57 0
-208 -123 0
-121 -81 0
-228 -143 0
-247 -172 0
-157 -147 0
-236 -191 0
-186 -76 0
-171 -91 0
-211 -66 0
-231 -61 0
-233 -83 0
-235 -200 0
-165 -70 0
-225 -110 0
-158 -63 0
-200 -115 0
-243 -183 0
-98 -28 0
-118 -93 0
-101 -61 0
-229 -74 0
-247 -52 0
-248 -188 0
-52 -12 0
-164 -149 0
-74 -19 0
-184 -74 0
-224 -179 0
-152 -97 0
-208 -68 0
-53 -43 0
-146 -76 0
-57 -42 0
-56 -16 0
-186 -81 0
-166 -141 0
-207 -142 0
-172 -102 0
-210 -175 0
-192 -107 0
-232 -132 0
-164 -119 0
-115 -90 0
-96 -26 0
-226 -111 0
-244 -129 0
-61 -46 0
-83 -3 0
-211 -56 0
-176 -146 0
-104 -74 0
-162 -57 0
-128 -68 0
-185 -140 0
-241 -101 0
-239 -59 0
-153 -113 0
-152 -137 0
-81 -41 0
-119 -94 0
-159 -79 0
-202 -87 0
-189 -144 0
-152 -122 0
-176 -116 0
-106 -66 0
-107 -82 0
-181 -111 0
-242 -77 0
-243 -103 0
-150 -80 0
-233 -93 0
-231 -51 0
-196 -81 0
-165 -120 0
-241 -141 0
-130 -60 0
-221 -121 0
-190 -70 0
-137 -92 0
-250 -110 0
-86 -21 0
-240 -190 0
-243 -133 0
-244 -59 0
-81 -36 0
-62 -32 0
-246 -146 0
-229 -124 0
-159 -54 0
-52 -22 0
-141 -96 0
-203 -168 0
-193 -78 0
-247 -177 0
-212 -147 0
-248 -63 0
-89 -19 0
-217 -72 0
-218 -128 0
-234 -134 0
-110 -70 0
-181 -106 0
-56 -1 0
-224 -54 0
-188 -138 0
-191 -131 0
-232 -182 0
-179 -64 0
-90 -50 0
-236 -51 0
-160 -100 0
-241 -136 0
-221 -116 0
-190 -75 0
-137 -67 0
-66 -41 0
-86 -46 0
-73 -43 0
-143 -93 0
-218 -158 0
-113 -78 0
-185 -150 0
-205 -105 0
-245 -180 0
-210 -120 0
-246 -151 0
-229 -99 0
-119 -84 0
-161 -131 0
-164 -144 0
-77 -47 0
-132 -87 0
-224 -174 0
-171 -56 0
-161 -126 0
-53 -8 0
-110 -75 0
-75 -25 0
-185 -120 0
-242 -67 0
-171 -71 0
-135 -85 0
-210 -150 0
-174 -84 0
-143 -53 0
-110 -60 0
-241 -191 0
-167 -147 0
-247 -97 0
-194 -109 0
-195 -135 0
-215 -90 0
-162 -72 0
-144 -84 0
-72 -12 0
-240 -80 0
-205 -100 0
-223 -138 0
-101 -81 0
-212 -52 0
-235 -125 0
-163 -63 0
-186 -136 0
-77 -42 0
-227 -92 0
-208 -168 0
-102 -52 0
-212 -157 0
-156 -66 0
-214 -129 0
-89 -29 0
-217 -82 0
-218 -78 0
-168 -133 0
-211 -101 0
-174 -89 0
-175 -75 0
-231 -96 0
-196 -76 0
-197 -92 0
-125 -100 0
-235 -155 0
-222 -82 0
-169 -104 0
-137 -77 0
-155 -55 0
-103 -98 0
-232 -57 0
-200 -80 0
-94 -44 0
-204 -149 0
-187 -77 0
-168 -103 0
-81 -21 0
-102 -92 0
-248 -153 0
-229 -149 0
-87 -27 0
-166 -81 0
-186 -141 0
-116 -76 0
-99 -14 0
-227 -67 0
-135 -60 0
-156 -91 0
-214 -154 0
-107 -62 0
-186 -126 0
-190 -145 0
-135 -75 0
-210 -140 0
-120 -80 0
-197 -67 0
-160 -95 0
-216 -146 0
-147 -62 0
-222 -87 0
-83 -38 0
-194 -99 0
-250 -130 0
-214 -104 0
-180 -60 0
-153 -88 0
-81 -16 0
-212 -62 0
-178 -118 0
-199 -129 0
-203 -68 0
-184 -64 0
-95 -50 0
-117 -67 0
-82 -37 0
-249 -59 0
-139 -54 0
-214 -159 0
-160 -55 0
-172 -52 0
-218 -193 0
-216 -171 0
-204 -54 0
-170 -110 0
-227 -147 0
-194 -124 0
-123 -68 0
-69 -4 0
-179 -139 0
-201 -156 0
-220 -150 0
-111 -56 0
-241 -51 0
-239 -109 0
-177 -97 0
-126 -96 0
-203 -123 0
-183 -143 0
-205 -160 0
-116 -86 0
-223 -118 0
-88 -8 0
-53 -28 0
-216 -51 0
-75 -5 0
-78 -18 0
-207 -127 0
-136 -71 0
-51 -46 0
-179 -99 0
-160 -65 0
-54 -9 0
-202 -132 0
-241 -91 0
-148 -68 0
-169 -89 0
-225 -150 0
-79 -49 0
-246 -91 0
-66 -6 0
-201 -131 0
-240 -100 0
-187 -82 0
-206 -176 0
-62 -42 0
-173 -93 0
-156 -61 0
-178 -108 0
-199 -119 0
-95 -40 0
-224 -139 0
-82 -27 0
-208 -188 0
-211 -146 0
-192 -82 0
-216 -76 0
-181 -96 0
-182 -72 0
-129 -74 0
-243 -88 0
-78 -23 0
-155 -100 0
-64 -24 0
-235 -135 0
-202 -137 0
-238 -148 0
-168 -58 0
-194 -74 0
-178 -148 0
-158 -128 0
-162 -97 0
-91 -11 0
-206 -181 0
-226 -136 0
-151 -71 0
-62 -47 0
-173 -88 0
-155 -130 0
-102 -72 0
-160 -145 0
-181 -56 0
-60 -5 0
-227 -127 0
-228 -113 0
-208 -133 0
-85 -5 0
-219 -169 0
-114 -74 0
-207 -77 0
-100 -15 0
-108 -63 0
-145 -65 0
-238 -153 0
-221 -161 0
-148 -78 0
-204 -89 0
-244 -194 0
-234 -64 0
-162 -122 0
-91 -1 0
-201 -141 0
-219 -119 0
-148 -63 0
-187 -112 0
-188 -88 0
-209 -189 0
-84 -39 0
-249 -104 0
-127 -77 0
-238 -68 0
-60 -30 0
-171 -121 0
-227 -102 0
-191 -76 0
-120 -60 0
-230 -145 0
-248 -103 0
-217 -192 0
-201 -86 0
-242 -142 0
-225 -80 0
-97 -27 0
-175 -125 0
-140 -55 0
-196 -146 0
-105 -75 0
-145 -60 0
-237 -137 0
-147 -97 0
-165 -55 0
-79 -14 0
-247 -82 0
-177 -62 0
-109 -79 0
-111 -76 0
-206 -131 0
-244 -124 0
-209 -184 0
-152 -67 0
-238 -73 0
-203 -103 0
-57 -12 0
-167 -117 0
-209 -199 0
-82 -2 0
-63 -38 0
-192 -77 0
-248 -128 0
-140 -95 0
-152 -52 0
-238 -58 0
-130 -65 0
-61 -16 0
-154 -79 0
-236 -116 0
-237 -132 0
-241 -71 0
-227 -182 0
-195 -95 0
-158 -83 0
-159 -109 0
-52 -47 0
-109 -74 0
-201 -191 0
-220 -75 0
-203 -143 0
-112 -77 0
-181 -146 0
-219 -69 0
-183 -123 0
-188 -98 0
-245 -115 0
-152 -92 0
-249 -114 0
-84 -49 0
-176 -86 0
-234 -179 0
-160 -140 0
-198 -73 0
-129 -59 0
-112 -62 0
-228 -108 0
-194 -144 0
-161 -61 0
-75 -40 0
-130 -90 0
-238 -63 0
-242 -132 0
-225 -90 0
-133 -63 0
-155 -80 0
-232 -112 0
-215 -170 0
-240 -160 0
-243 -163 0
-118 -73 0
-229 -94 0
-230 -90 0
-195 -70 0
-104 -54 0
-202 -62 0
-55 -5 0
-187 -117 0
-188 -123 0
-224 -199 0
-230 -55 0
-67 -32 0
-248 -193 0
-235 -60 0
-146 -96 0
-57 -22 0
-56 -36 0
-167 -107 0
-117 -52 0
-208 -153 0
-210 -195 0
-192 -127 0
-85 -25 0
-233 -98 0
-232 -152 0
-161 -56 0
-211 -181 0
-68 -33 0
-214 -194 0
-182 -57 0
-115 -70 0
-96 -46 0
-133 -58 0
-61 -1 0
-193 -138 0
-194 -54 0
-104 -94 0
-128 -88 0
-204 -69 0
-205 -75 0
-133 -73 0
-246 -181 0
-229 -69 0
-230 -95 0
-200 -145 0
-113 -63 0
-183 -73 0
-222 -192 0
-77 -17 0
-184 -119 0
-244 -79 0
-226 -161 0
-228 -133 0
-208 -113 0
-193 -103 0
-67 -7 0
-106 -86 0
-161 -96 0
-127 -97 0
-166 -146 0
-95 -10 0
-169 -144 0
-171 -101 0
-172 -107 0
-65 -45 0
-214 -199 0
-125 -75 0
-124 -69 0
-239 -199 0
-186 -51 0
-58 -8 0
-103 -73 0
-51 -31 0
-179 -84 0
-219 -59 0
-239 -54 0
-205 -70 0
-101 -51 0
-52 -2 0
-146 -61 0
-77 -12 0
-223 -63 0
-151 -121 0
-245 -80 0
-226 -186 0
-80 -15 0
-212 -127 0
-233 -193 0
-53 -33 0
-223 -78 0
-65 -40 0
-192 -97 0
-248 -68 0
-124 -94 0
-215 -200 0
-160 -120 0
-235 -185 0
-201 -121 0
-125 -70 0
-58 -13 0
-151 -146 0
-226 -81 0
-155 -85 0
-64 -39 0
-250 -95 0
-86 -26 0
-236 -96 0
-185 -130 0
-76 -36 0
-204 -119 0
-205 -125 0
-168 -73 0
-221 -151 0
-209 -124 0
-172 -142 0
-246 -131 0
-229 -119 0
-62 -17 0
-112 -97 0
-244 -89 0
-209 -139 0
-228 -183 0
-193 -113 0
-156 -101 0
-157 -107 0
-231 -166 0
-176 -106 0
-213 -128 0
-107 -92 0
-161 -106 0
-181 -101 0
-57 -47 0
-185 -100 0
-203 -58 0
-242 -87 0
-154 -59 0
-210 -170 0
-174 -64 0
-248 -93 0
-68 -28 0
-196 -111 0
-90 -35 0
-216 -116 0
-219 -154 0
-240 -195 0
-222 -117 0
-226 -106 0
-207 -62 0
-137 -82 0
-86 -31 0
-236 -81 0
-72 -32 0
-218 -143 0
-221 -146 0
-240 -180 0
-223 -158 0
-205 -120 0
-245 -175 0
-246 -156 0
-229 -114 0
-230 -70 0
-175 -150 0
-146 -51 0
-202 -82 0
-166 -56 0
-222 -147 0
-99 -19 0
-156 -126 0
-212 -137 0
-157 -102 0
-247 -187 0
-89 -9 0
-236 -176 0
-199 -54 0
-92 -22 0
-65 -50 0
-211 -81 0
-174 -69 0
-139 -99 0
-197 -112 0
-216 -141 0
-93 -13 0
-96 -1 0
-225 -125 0
-198 -133 0
-73 -33 0
-180 -95 0
-200 -100 0
-223 -133 0
-168 -123 0
-187 -57 0
-245 -170 0
-177 -67 0
-215 -60 0
-74 -4 0
-164 -134 0
-131 -91 0
-224 -164 0
-191 -61 0
-236 -161 0
-185 -110 0
-78 -48 0
-207 -157 0
-172 -87 0
-208 -198 0
-210 -160 0
-120 -100 0
-135 -95 0
-175 -70 0
-197 -87 0
-164 -104 0
-93 -8 0
-58 -28 0
-96 -11 0
-225 -120 0
-246 -121 0
-247 -107 0
-83 -18 0
-214 -84 0
-144 -74 0
-203 -193 0
-183 -53 0
-131 -51 0
-239 -74 0
-240 -70 0
-153 -68 0
-204 -154 0
-209 -109 0
-249 -184 0
-197 -137 0
-199 -149 0
-74 -9 0
-202 -72 0
-184 -84 0
-240 -55 0
-131 -66 0
-102 -62 0
-247 -137 0
-214 -139 0
-182 -102 0
-56 -26 0
-186 -111 0
-243 -118 0
-177 -147 0
-196 -66 0
-197 -82 0
-235 -165 0
-221 -76 0
-58 -33 0
-190 -115 0
-122 -72 0
-250 -115 0
-69 -24 0
-91 -41 0
-220 -130 0
-243 -148 0
-209 -104 0
-152 -147 0
-230 -105 0
-202 -77 0
-166 -91 0
-116 -66 0
-206 -196 0
-228 -83 0
-193 -93 0
-233 -168 0
-234 -139 0
-217 -87 0
-107 -72 0
-163 -143 0
-181 -121 0
-129 -99 0
-136 -91 0
-232 -167 0
-160 -85 0
-202 -152 0
-204 -59 0
-115 -55 0
-225 -130 0
-189 -124 0
-154 -144 0
-122 -77 0
-163 -88 0
-237 -67 0
-220 -155 0
-153 -78 0
-208 -63 0
-173 -113 0
-178 -128 0
-234 -99 0
-158 -148 0
-126 -81 0
-199 -139 0
-203 -78 0
-132 -72 0
-224 -159 0
-82 -47 0
-193 -88 0
-139 -64 0
-53 -23 0
-239 -129 0
-78 -3 0
-188 -148 0
-243 -68 0
-154 -104 0
-65 -30 0
-233 -58 0
-202 -157 0
-165 -105 0
-200 -55 0
-154 -149 0
-123 -78 0
-215 -105 0
-201 -146 0
-237 -62 0
-206 -161 0
-173 -108 0
-228 -93 0
-191 -81 0
-63 -28 0
-53 -18 0
-127 -57 0
-218 -83 0
-236 -141 0
-239 -144 0
-114 -94 0
-75 -15 0
-150 -100 0
-154 -109 0
-211 -116 0
-175 -90 0
-238 -133 0
-241 -161 0
-66 -16 0
-195 -125 0
-158 -113 0
-219 -99 0
-200 -65 0
-240 -90 0
-187 -92 0
-188 -68 0
-204 -134 0
-84 -19 0
-249 -84 0
-176 -56 0
-87 -42 0
-217 -57 0
-166 -66 0
-167 -82 0
-60 -10 0
-224 -129 0
-208 -178 0
-191 -96 0
-63 -3 0
-157 -92 0
-233 -153 0
-217 -172 0
-181 -86 0
-165 -140 0
-221 -61 0
-225 -60 0
-190 -130 0
-155 -110 0
-192 -57 0
-120 -65 0
-232 -82 0
-160 -80 0
-90 -30 0
-237 -157 0
-147 -77 0
-221 -176 0
-222 -72 0
-243 -193 0
-156 -131 0
-229 -64 0
-195 -100 0
-122 -92 0
-108 -93 0
-109 -99 0
-162 -107 0
-220 -110 0
-113 -98 0
-244 -104 0
-245 -160 0
-155 -140 0
-235 -90 0
-70 -25 0
-202 -97 0
-166 -71 0
-82 -22 0
-191 -71 0
-212 -192 0
-129 -79 0
-241 -196 0
-114 -84 0
-115 -100 0
-221 -56 0
-100 -5 0
-190 -135 0
-120 -90 0
-105 -90 0
-140 -60 0
-215 -135 0
-237 -152 0
-219 -194 0
-222 -77 0
-122 -97 0
-123 -83 0
-250 -160 0
-109 -94 0
-144 -64 0
-111 -71 0
-148 -53 0
-204 -184 0
-80 -40 0
-246 -196 0
-84 -29 0
-249 -94 0
-67 -37 0
-167 -72 0
-230 -155 0
-213 -63 0
-217 -182 0
-242 -152 0
-206 -86 0
-171 -146 0
-154 -124 0
-136 -56 0
-105 -65 0
-179 -114 0
-216 -181 0
-202 -177 0
-241 -86 0
-76 -21 0
-225 -165 0
-227 -137 0
-247 -92 0
-250 -165 0
-163 -123 0
-181 -141 0
-204 -169 0
-187 -97 0
-205 -55 0
-244 -114 0
-231 -141 0
-57 -2 0
-167 -127 0
-224 -124 0
-82 -12 0
-211 -161 0
-192 -67 0
-213 -58 0
-124 -64 0
-88 -18 0
-201 -91 0
-129 -89 0
-239 -164 0
-130 -75 0
-206 -91 0
-155 -115 0
-174 -134 0
-218 -168 0
-220 -200 0
-205 -95 0
-170 -65 0
-133 -93 0
-246 -161 0
-52 -37 0
-163 -98 0
-219 -79 0
-91 -26 0
-201 -181 0
-112 -67 0
-151 -86 0
-245 -105 0
-155 -145 0
-230 -60 0
-176 -76 0
-161 -76 0
-160 -130 0
-198 -83 0
-183 -148 0
-112 -52 0
-95 -30 0
-206 -51 0
-228 -98 0
-191 -116 0
-139 -74 0
-213 -193 0
-214 -179 0
-88 -43 0
-216 -86 0
-129 -84 0
-133 -53 0
-154 -74 0
-137 -52 0
-174 -139 0
-250 -70 0
-231 -106 0
-51 -11 0
-103 -93 0
-180 -120 0
-73 -28 0
-54 -24 0
-202 -167 0
-218 -173 0
-240 -150 0
-204 -74 0
-205 -90 0
-153 -148 0
-226 -61 0
-246 -186 0
-229 -84 0
-55 -15 0
-77 -32 0
-187 -127 0
-222 -177 0
-249 -119 0
-212 -107 0
-231 -131 0
-70 -5 0
-235 -70 0
-95 -5 0
-207 -172 0
-192 -117 0
-230 -130 0
-233 -128 0
-124 -74 0
-216 -111 0
-164 -89 0
-184 -134 0
-97 -22 0
-243 -53 0
-225 -95 0
-96 -36 0
-155 -65 0
-194 -64 0
-196 -131 0
-73 -3 0
-144 -99 0
-170 -55 0
-79 -29 0
-168 -93 0
-246 -191 0
-250 -180 0
-111 -91 0
-226 -171 0
-244 -69 0
-229 -174 0
-231 -186 0
-57 -27 0
-185 -80 0
-169 -134 0
-60 -40 0
-171 -111 0
-210 -190 0
-121 -56 0
-230 -135 0
-233 -103 0
-248 -113 0
-159 -139 0
-140 -80 0
-71 -21 0
-61 -31 0
-137 -62 0
-193 -143 0
-103 -83 0
-86 -11 0
-204 -124 0
-98 -8 0
-226 -51 0
-172 -147 0
-248 -168 0
-250 -185 0
-158 -68 0
-159 -84 0
-219 -84 0
-209 -154 0
-227 -52 0
-208 -128 0
-156 -106 0
-212 -117 0
-80 -5 0
-245 -70 0
-234 -164 0
-199 -74 0
-92 -2 0
-129 -54 0
-182 -132 0
-140 -65 0
-235 -195 0
-93 -33 0
-242 -177 0
-225 -105 0
-226 -91 0
-61 -26 0
-155 -95 0
-232 -97 0
-196 -141 0
-180 -75 0
-215 -185 0
-218 -188 0
-73 -13 0
-200 -120 0
-243 -178 0
-227 -172 0
-119 -74 0
-246 -141 0
-158 -73 0
-74 -24 0
-184 -79 0
-187 -132 0
-224 -184 0
-152 -102 0
-231 -176 0
-213 -118 0
-234 -169 0
-142 -52 0
-92 -27 0
-57 -37 0
-185 -90 0
-186 -86 0
-205 -165 0
-224 -89 0
-60 -50 0
-210 -180 0
-192 -112 0
-68 -18 0
-232 -137 0
-196 -101 0
-71 -11 0
-221 -101 0
-114 -99 0
-115 -85 0
-225 -100 0
-96 -31 0
-189 -94 0
-190 -90 0
-211 -51 0
-250 -90 0
-104 -79 0
-69 -49 0
-198 -138 0
-162 -62 0
-220 -165 0
-185 -135 0
-240 -170 0
-245 -165 0
-152 -142 0
-249 -164 0
-230 -80 0
-177 -82 0
-195 -60 0
-138 -53 0
-162 -147 0
-74 -29 0
-200 -130 0
-204 -199 0
-152 -127 0
-229 -199 0
-106 -91 0
-161 -111 0
-142 -57 0
-218 -108 0
-199 -64 0
-163 -148 0
-242 -82 0
-243 -98 0
-78 -33 0
-172 -92 0
-197 -102 0
-71 -1 0
-165 -75 0
-242 -167 0
-190 -95 0
-137 -87 0
-193 -148 0
-214 -69 0
-180 -85 0
-218 -138 0
-198 -143 0
-143 -73 0
-220 -190 0
-239 -69 0
-118 -88 0
-106 -51 0
-126 -56 0
-203 -163 0
-205 -200 0
-245 -95 0
-193 -73 0
-229 -194 0
-234 -159 0
-217 -67 0
-218 -113 0
-238 -118 0
-166 -136 0
-232 -187 0
-125 -85 0
-179 -59 0
-241 -131 0
-244 -144 0
-66 -46 0
-214 -94 0
-215 -70 0
-162 -52 0
-143 -88 0
-237 -87 0
-185 -145 0
-183 -63 0
-204 -104 0
-113 -73 0
-62 -2 0
-249 -174 0
-234 -119 0
-126 -61 0
-171 -51 0
-245 -90 0
-228 -168 0
-209 -134 0
-193 -68 0
-80 -25 0
-161 -121 0
-182 -112 0
-238 -123 0
-185 -115 0
-242 -72 0
-171 -66 0
-65 -10 0
-191 -141 0
-196 -96 0
-235 -175 0
-165 -125 0
-222 -102 0
-169 -124 0
-170 -140 0
-118 -53 0
-138 -83 0
-195 -130 0
-236 -66 0
-237 -82 0
-72 -17 0
-113 -68 0
-98 -33 0
-62 -7 0
-173 -128 0
-248 -133 0
-230 -115 0
-178 -73 0
-87 -7 0
-163 -58 0
-222 -132 0
-227 -87 0
-208 -93 0
-157 -117 0
-196 -56 0
-161 -116 0
-217 -77 0
-186 -106 0
-167 -62 0
-168 -138 0
-228 -58 0
-211 -96 0
-222 -107 0
-169 -99 0
-244 -154 0
-66 -36 0
-232 -62 0
-200 -85 0
-168 -108 0
-245 -185 0
-208 -53 0
-228 -193 0
-248 -158 0
-74 -49 0
-203 -88 0
-222 -137 0
-224 -149 0
-99 -9 0
-63 -23 0
-107 -57 0
-53 -13 0
-236 -146 0
-185 -125 0
-150 -85 0
-206 -116 0
-172 -72 0
-175 -85 0
-145 -100 0
-237 -177 0
-216 -151 0
-147 -57 0
-93 -23 0
-225 -135 0
-83 -33 0
-247 -122 0
-194 -104 0
-175 -60 0
-239 -89 0
-204 -139 0
-81 -11 0
-153 -83 0
-151 -61 0
-177 -117 0
-141 -71 0
-202 -117 0
-82 -42 0
-212 -172 0
-165 -135 0
-167 -52 0
-206 -121 0
-207 -107 0
-172 -57 0
-177 -142 0
-233 -63 0
-231 -81 0
-90 -15 0
-216 -176 0
-218 -198 0
-237 -172 0
-93 -18 0
-221 -91 0
-169 -109 0
-190 -100 0
-179 -134 0
-108 -98 0
-201 -151 0
-219 -109 0
-239 -104 0
-94 -19 0
-119 -59 0
-84 -9 0
-249 -74 0
-177 -112 0
-141 -66 0
-198 -113 0
-74 -39 0
-166 -76 0
-167 -92 0
-228 -68 0
-217 -162 0
-216 -56 0
-181 -76 0
-110 -100 0
-165 -130 0
-88 -13 0
-206 -66 0
-136 -76 0
-51 -41 0
-160 -70 0
-221 -86 0
-225 -145 0
-79 -44 0
-190 -105 0
-229 -54 0
-55 -45 0
-59 -24 0
-153 -93 0
-245 -150 0
-209 -74 0
-101 -76 0
-151 -51 0
-123 -53 0
-234 -84 0
-235 -100 0
-126 -66 0
-127 -82 0
-70 -35 0
-224 -144 0
-82 -32 0
-211 -141 0
-192 -87 0
-212 -182 0
-164 -59 0
-242 -97 0
-243 -83 0
-206 -71 0
-174 -114 0
-103 -58 0
-231 -71 0
-235 -130 0
-145 -85 0
-202 -142 0
-76 -26 0
-170 -85 0
-168 -63 0
-192 -137 0
-123 -93 0
-69 -9 0
-162 -102 0
-163 -78 0
-144 -54 0
-156 -51 0
-229 -144 0
-158 -138 0
-234 -89 0
-160 -150 0
-126 -71 0
-188 -53 0
-227 -122 0
-228 -78 0
-193 -58 0
-213 -53 0
-239 -159 0
-207 -72 0
-174 -119 0
-105 -95 0
-175 -105 0
-231 -126 0
-213 -168 0
-197 -62 0
-180 -100 0
-54 -4 0
-145 -80 0
-246 -86 0
-158 -98 0
-159 -114 0
-181 -131 0
-219 -114 0
-55 -35 0
-187 -107 0
-188 -93 0
-249 -99 0
-212 -87 0
-231 -151 0
-158 -143 0
-127 -72 0
-224 -114 0
-99 -44 0
-227 -97 0
-248 -108 0
-217 -187 0
-201 -81 0
-97 -2 0
-225 -75 0
-155 -125 0
-250 -55 0
-175 -120 0
-232 -67 0
-147 -92 0
-221 -191 0
-133 -83 0
-246 -171 0
-177 -57 0
-158 -103 0
-108 -78 0
-183 -103 0
-239 -124 0
-151 -96 0
-209 -179 0
-210 -65 0
-152 -72 0
-213 -88 0
-176 -66 0
-234 -79 0
-70 -10 0
-198 -93 0
-142 -82 0
-92 -37 0
-180 -135 0
-185 -60 0
-57 -7 0
-203 -98 0
-60 -20 0
-181 -61 0
-207 -167 0
-152 -57 0
-228 -128 0
-205 -135 0
-139 -84 0
-214 -189 0
-71 -41 0
-130 -70 0
-189 -64 0
-246 -51 0
-231 -116 0
-215 -150 0
-180 -110 0
-236 -121 0
-73 -18 0
-221 -186 0
-222 -62 0
-240 -140 0
-153 -138 0
-227 -177 0
-173 -53 0
-123 -98 0
-195 -90 0
-177 -52 0
-159 -104 0
-220 -120 0
-203 -138 0
-111 -86 0
-240 -125 0
-249 -109 0
-157 -142 0
-212 -97 0
-234 -184 0
-235 -80 0
-142 -87 0
-199 -94 0
-70 -15 0
-223 -108 0
-205 -130 0
-230 -140 0
-233 -118 0
-159 -134 0
-218 -63 0
-75 -35 0
-155 -75 0
-232 -117 0
-202 -162 0
-76 -6 0
-195 -65 0
-104 -59 0
-184 -99 0
-80 -50 0
-228 -153 0
-210 -55 0
-229 -164 0
-67 -27 0
-248 -198 0
-89 -44 0
-234 -189 0
-180 -145 0
-57 -17 0
-56 -41 0
-185 -70 0
-223 -83 0
-224 -109 0
-205 -185 0
-172 -127 0
-210 -200 0
-208 -158 0
-211 -176 0
-232 -157 0
-161 -51 0
-71 -31 0
-93 -48 0
-239 -179 0
-238 -193 0
-115 -65 0
-171 -136 0
-207 -92 0
-100 -40 0
-213 -188 0
-238 -178 0
-223 -188 0
-249 -144 0
-219 -94 0
-200 -150 0
-184 -124 0
-151 -101 0
-226 -166 0
-208 -118 0
-67 -2 0
-161 -91 0
-198 -68 0
-199 -84 0
-182 -142 0
-186 -71 0
-169 -139 0
-205 -180 0
-165 -95 0
-186 -56 0
-242 -187 0
-244 -179 0
-173 -143 0
-250 -75 0
-51 -26 0
-179 -79 0
-180 -65 0
-220 -170 0
-238 -183 0
-221 -131 0
-223 -163 0
-118 -68 0
-190 -60 0
-247 -57 0
-55 -30 0
-222 -162 0
-187 -142 0
-206 -156 0
-209 -159 0
-213 -108 0
-238 -98 0
-117 -57 0
-207 -187 0
-65 -35 0
-191 -106 0
-192 -102 0
-248 -73 0
-68 -48 0
-182 -52 0
-165 -90 0
-164 -74 0
-186 -61 0
-97 -37 0
-96 -21 0
-226 -86 0
-173 -138 0
-176 -141 0
-214 -74 0
-125 -60 0
-198 -148 0
-236 -101 0
-237 -107 0
-241 -106 0
-76 -41 0
-168 -78 0
-249 -154 0
-175 -130 0
-197 -147 0
-222 -167 0
-193 -128 0
-247 -167 0
-176 -111 0
-178 -53 0
-238 -103 0
-185 -95 0
-242 -92 0
-154 -64 0
-194 -149 0
-124 -84 0
-90 -40 0
-216 -121 0
-165 -65 0
-241 -146 0
-240 -200 0
-244 -189 0
-214 -79 0
-237 -102 0
-72 -37 0
-226 -196 0
-134 -59 0
-172 -132 0
-177 -87 0
-178 -93 0
-146 -56 0
-55 -20 0
-203 -173 0
-220 -85 0
-132 -97 0
-245 -85 0
-236 -181 0
-207 -137 0
-211 -76 0
-90 -45 0
-164 -124 0
-242 -162 0
-61 -41 0
-244 -134 0
-118 -58 0
-215 -80 0
-200 -105 0
-94 -49 0
-168 -128 0
-119 -89 0
-248 -178 0
-159 -74 0
-183 -88 0
-131 -86 0
-187 -147 0
-171 -61 0
-189 -139 0
-191 -56 0
-156 -116 0
-234 -154 0
-185 -105 0
-186 -91 0
-56 -6 0
-150 -65 0
-224 -74 0
-207 -152 0
-171 -76 0
-68 -3 0
-196 -86 0
-233 -68 0
-237 -197 0
-165 -115 0
-169 -114 0
-96 -16 0
-61 -36 0
-189 -109 0
-225 -115 0
-83 -13 0
-118 -63 0
-122 -52 0
-144 -79 0
-98 -43 0
-244 -64 0
-249 -179 0
-230 -125 0
-178 -83 0
-234 -114 0
-52 -27 0
-141 -91 0
-74 -14 0
-184 -89 0
-189 -134 0
-208 -83 0
-212 -152 0
-233 -188 0
-106 -76 0
-56 -31 0
-149 -94 0
-243 -113 0
-206 -101 0
-188 -143 0
-150 -90 0
-65 -15 0
-140 -100 0
-236 -56 0
-237 -192 0
-58 -38 0
-150 -55 0
-189 -104 0
-190 -80 0
-155 -60 0
-122 -57 0
-175 -55 0
-250 -120 0
-243 -143 0
-81 -26 0
-209 -99 0
-159 -64 0
-141 -86 0
-132 -92 0
-248 -53 0
-233 -163 0
-230 -195 0
-234 -144 0
-107 -67 0
-53 -3 0
-163 -138 0
-110 -80 0
-165 -150 0
-150 -95 0
-207 -102 0
-136 -96 0
-233 -78 0
-232 -172 0
-68 -13 0
-54 -34 0
-167 -142 0
-154 -129 0
-246 -116 0
-250 -125 0
-215 -85 0
-163 -83 0
-59 -4 0
-153 -73 0
-101 -96 0
-249 -189 0
-234 -104 0
-203 -73 0
-77 -37 0
-193 -83 0
-156 -71 0
-157 -77 0
-139 -59 0
-214 -134 0
-212 -162 0
-181 -71 0
-110 -85 0
-242 -117 0
-65 -25 0
-174 -94 0
-105 -100 0
-231 -91 0
-233 -53 0
-143 -63 0
-54 -39 0
-200 -60 0
-241 -181 0
-79 -39 0
-138 -68 0
-123 -73 0
-69 -29 0
-72 -2 0
-101 -71 0
-230 -100 0
-234 -109 0
-87 -22 0
-198 -123 0
-166 -86 0
-99 -49 0
-207 -197 0
-135 -55 0
-156 -96 0
-157 -72 0
-233 -173 0
-218 -88 0
-181 -66 0
-127 -52 0
-75 -10 0
-190 -150 0
-135 -70 0
-211 -111 0
-174 -99 0
-65 -20 0
-90 -10 0
-241 -176 0
-222 -92 0
-167 -132 0
-246 -66 0
-138 -73 0
-195 -120 0
-162 -87 0
-200 -70 0
-240 -95 0
-188 -73 0
-245 -140 0
-101 -66 0
-249 -79 0
-212 -67 0
-123 -63 0
-235 -110 0
-70 -45 0
-74 -34 0
-224 -134 0
-188 -58 0
-227 -77 0
-208 -183 0
-247 -152 0
-156 -81 0
-217 -167 0
-236 -131 0
-218 -93 0
-242 -107 0
-100 -25 0
-155 -105 0
-120 -70 0
-192 -62 0
-232 -87 0
-235 -140 0
-147 -72 0
-209 -64 0
-83 -48 0
-246 -71 0
-250 -140 0
-214 -114 0
-162 -112 0
-111 -51 0
-81 -6 0
-209 -79 0
-210 -85 0
-229 -134 0
-202 -102 0
-183 -138 0
-184 -54 0
-205 -155 0
-223 -113 0
-116 -91 0
-63 -13 0
-214 -169 0
-207 -122 0
-120 -95 0
-105 -85 0
-213 -158 0
-197 -52 0
-216 -161 0
-54 -14 0
-133 -98 0
-227 -157 0
-246 -96 0
-247 -72 0
-250 -145 0
-214 -119 0
-179 -149 0
-108 -83 0
-219 -124 0
-220 -100 0
-239 -119 0
-204 -189 0
-94 -4 0
-116 -51 0
-249 -89 0
-212 -77 0
-142 -67 0
-198 -98 0
-199 -114 0
-92 -42 0
-166 -121 0
-95 -35 0
-132 -57 0
-223 -128 0
-205 -150 0
-193 -63 0
-217 -177 0
-181 -91 0
-78 -28 0
-136 -61 0
-179 -109 0
-216 -186 0
-202 -182 0
-241 -81 0
-227 -132 0
-118 -98 0
-215 -120 0
-163 -118 0
-94 -9 0
-59 -39 0
-206 -186 0
-151 -66 0
-210 -75 0
-173 -83 0
-229 -184 0
-213 -78 0
-70 -20 0
-198 -103 0
-181 -51 0
-203 -108 0
-223 -103 0
-228 -118 0
-211 -156 0
-192 -72 0
-139 -94 0
-88 -23 0
-216 -66 0
-182 -82 0
-130 -80 0
-97 -7 0
-246 -61 0
-215 -160 0
-238 -158 0
-148 -83 0
-241 -76 0
-76 -11 0
-170 -70 0
-244 -199 0
-169 -74 0
-240 -130 0
-204 -94 0
-66 -21 0
-219 -74 0
-203 -148 0
-112 -72 0
-222 -197 0
-240 -115 0
-206 -191 0
-116 -61 0
-173 -78 0
-247 -197 0
-84 -44 0
-234 -74 0
-160 -135 0
-199 -104 0
-230 -150 0
-88 -48 0
-216 -91 0
-182 -87 0
-75 -45 0
-239 -174 0
-207 -87 0
-213 -183 0
-51 -6 0
-108 -53 0
-73 -23 0
-128 -58 0
-238 -163 0
-223 -183 0
-225 -190 0
-79 -9 0
-245 -200 0
-134 -89 0
-153 -143 0
-194 -89 0
-55 -50 0
-187 -122 0
-223 -198 0
-226 -151 0
-153 -58 0
-206 -136 0
-89 -34 0
-235 -65 0
-238 -78 0
-224 -99 0
-227 -112 0
-63 -33 0
-191 -126 0
-208 -148 0
-157 -62 0
-233 -123 0
-218 -58 0
-184 -139 0
-97 -17 0
-225 -70 0
-61 -11 0
-213 -178 0
-237 -127 0
-148 -93 0
-79 -24 0
-249 -134 0
-158 -88 0
-162 -137 0
-109 -69 0
-220 -80 0
-183 -118 0
-206 -141 0
-151 -111 0
-209 -174 0
-188 -103 0
-226 -176 0
-193 -108 0
-208 -108 0
-213 -103 0
-198 -78 0
-238 -83 0
-185 -75 0
-166 -101 0
-169 -129 0
-60 -45 0
-207 -182 0
-171 -106 0
-63 -48 0
-121 -51 0
-191 -101 0
-248 -118 0
-140 -85 0
-165 -85 0
-244 -169 0
-226 -71 0
-151 -136 0
-137 -57 0
-61 -6 0
-64 -9 0
-105 -60 0
-189 -79 0
-214 -59 0
-215 -165 0
-236 -106 0
-237 -122 0
-226 -56 0
-227 -192 0
-118 -78 0
-229 -89 0
-248 -173 0
-250 -190 0
-158 -93 0
-141 -61 0
-109 -64 0
-220 -65 0
-188 -128 0
-152 -82 0
-213 -98 0
-186 -66 0
-149 -64 0
-167 -102 0
-85 -40 0
-230 -185 0
-196 -121 0
-68 -38 0
-217 -152 0
-219 -184 0
-182 -62 0
-242 -182 0
-226 -96 0
-189 -74 0
-155 -90 0
-158 -53 0
-232 -102 0
-176 -131 0
-200 -125 0
-243 -173 0
-227 -167 0
-195 -80 0
-159 -94 0
-141 -56 0
-201 -176 0
-220 -90 0
-112 -92 0
-188 -113 0
-244 -84 0
-152 -107 0
-228 -138 0
-176 -101 0
-234 -174 0
-217 -112 0
-236 -186 0
-107 -97 0
-178 -63 0
-185 -85 0
-224 -94 0
-172 -112 0
-121 -61 0
-211 -191 0
-232 -142 0
-239 -194 0
-115 -80 0
-104 -84 0
-86 -6 0
-241 -111 0
-240 -175 0
-205 -65 0
-134 -69 0
-249 -159 0
-195 -55 0
-159 -69 0
-52 -7 0
-200 -135 0
-113 -53 0
-203 -183 0
-77 -7 0
-223 -58 0
-245 -75 0
-212 -132 0
-106 -96 0
-161 -86 0
-53 -48 0
-223 -73 0
-172 -97 0
-191 -146 0
-125 -65 0
-215 -195 0
-236 -196 0
-219 -134 0
-164 -114 0
-241 -151 0
-242 -172 0
-179 -94 0
-143 -68 0
-202 -197 0
-113 -93 0
-239 -64 0
-62 -22 0
-246 -136 0
-106 -56 0
-77 -2 0
-244 -94 0
-228 -188 0
-121 -96 0
-231 -161 0
-213 -123 0
-217 -122 0
-218 -118 0
-150 -75 0
-171 -86 0
-231 -56 0
-232 -192 0
-179 -54 0
-58 -23 0
-221 -126 0
-222 -122 0
-96 -6 0
-150 -60 0
-207 -57 0
-190 -65 0
-195 -150 0
-236 -86 0
-144 -69 0
-220 -180 0
-113 -88 0
-204 -109 0
-205 -115 0
-223 -153 0
-244 -54 0
-209 -114 0
-62 -27 0
-249 -169 0
-175 -145 0
-106 -61 0
-52 -17 0
-222 -152 0
-80 -30 0
-208 -73 0
-209 -129 0
-247 -182 0
-157 -97 0
-233 -178 0
-212 -142 0
-110 -65 0
-149 -84 0
-191 -136 0
-174 -74 0
-230 -165 0
-248 -83 0
-197 -107 0
-235 -170 0
-201 -106 0
-222 -127 0
-169 -119 0
-246 -101 0
-138 -88 0
-86 -41 0
-72 -22 0
-128 -73 0
-205 -110 0
-98 -38 0
-153 -128 0
-229 -104 0
-248 -138 0
-178 -78 0
-215 -55 0
-163 -53 0
-164 -139 0
-202 -92 0
-222 -157 0
-132 -82 0
-99 -29 0
-227 -82 0
-156 -76 0
-176 -121 0
-107 -77 0
-236 -166 0
-114 -59 0
-168 -143 0
-135 -90 0
-211 -91 0
-174 -79 0
-175 -65 0
-216 -131 0
-54 -44 0
-110 -55 0
-93 -3 0
-226 -121 0
-246 -126 0
-138 -93 0
-247 -102 0
-69 -44 0
-215 -95 0
-200 -90 0
-94 -34 0
-204 -159 0
-223 -143 0
-168 -113 0
-81 -31 0
-59 -14 0
-101 -86 0
-142 -97 0
-203 -83 0
-99 -4 0
-214 -144 0
-242 -127 0
-224 -59 0
-172 -77 0
-175 -80 0
-196 -71 0
-160 -105 0
-216 -156 0
-147 -52 0
-221 -71 0
-170 -115 0
-190 -120 0
-83 -28 0
-192 -147 0
-69 -19 0
-220 -135 0
-239 -84 0
-94 -39 0
-131 -61 0
-245 -135 0
-210 -105 0
-230 -110 0
-178 -68 0
-87 -32 0
-70 -50 0
-166 -96 0
-131 -76 0
-116 -71 0
-189 -149 0
-228 -88 0
-75 -20 0
-243 -128 0
-135 -80 0
-177 -137 0
-197 -72 0
-217 -197 0
-221 -66 0
-58 -43 0
-242 -197 0
-204 -64 0
-189 -119 0
-190 -125 0
-246 -76 0
-214 -99 0
-179 -129 0
-180 -55 0
-144 -89 0
-220 -160 0
-240 -85 0
-243 -158 0
-209 -94 0
-245 -130 0
-249 -69 0
-212 -57 0
-177 -107 0
-235 -120 0
-126 -86 0
-199 -134 0
-117 -72 0
-208 -173 0
-231 -196 0
-216 -61 0
-182 -117 0
-78 -8 0
-207 -117 0
-136 -81 0
-192 -52 0
-177 -132 0
-51 -36 0
-235 -150 0
-225 -160 0
-189 -114 0
-122 -87 0
-104 -99 0
-214 -124 0
-162 -82 0
-237 -57 0
-220 -145 0
-59 -19 0
-187 -72 0
-206 -166 0
-210 -95 0
-173 -103 0
-126 -91 0
-186 -146 0
-116 -81 0
-245 -60 0
-211 -136 0
-232 -197 0
-239 -139 0
-130 -100 0
-242 -102 0
-243 -78 0
-78 -13 0
-213 -148 0
-238 -138 0
-192 -142 0
-158 -118 0
-163 -73 0
-237 -52 0
-206 -171 0
-62 -37 0
-173 -98 0
-84 -24 0
-234 -94 0
-87 -37 0
-198 -108 0
-199 -124 0
-167 -77 0
-60 -15 0
-227 -117 0
-191 -91 0
-157 -87 0
-160 -60 0
-181 -81 0
-182 -67 0
-154 -119 0
-211 -126 0
-175 -100 0
-145 -75 0
-201 -56 0
-238 -143 0
-221 -171 0
-225 -170 0
-156 -136 0
-229 -59 0
-66 -1 0
-158 -123 0
-234 -54 0
-151 -76 0
-245 -155 0
-102 -67 0
-213 -68 0
-70 -30 0
-203 -118 0
-224 -119 0
-99 -39 0
-191 -66 0
-157 -82 0
-182 -92 0
-221 -51 0
-100 -10 0
-190 -140 0
-232 -72 0
-215 -130 0
-108 -58 0
-237 -147 0
-147 -87 0
-148 -73 0
-221 -166 0
-66 -31 0
-195 -110 0
-109 -89 0
-203 -158 0
-148 -58 0
-240 -105 0
-111 -66 0
-188 -83 0
-152 -77 0
-210 -70 0
-84 -34 0
-176 -71 0
-202 -107 0
-185 -55 0
-167 -67 0
-60 -25 0
-117 -92 0
-152 -62 0
-230 -160 0
-233 -138 0
-129 -69 0
-169 -64 0
-154 -69 0
-64 -29 0
-213 -173 0
-237 -142 0
-169 -79 0
-153 -133 0
-134 -99 0
-247 -87 0
-156 -146 0
-195 -85 0
-178 -133 0
-108 -68 0
-91 -6 0
-109 -84 0
-220 -125 0
-204 -174 0
-188 -108 0
-244 -119 0
-67 -47 0
-235 -75 0
-166 -106 0
-167 -122 0
-242 -57 0
-208 -138 0
-233 -113 0
-140 -90 0
-217 -132 0
-219 -164 0
-164 -84 0
-238 -53 0
-206 -96 0
-232 -122 0
-179 -124 0
-143 -98 0
-202 -187 0
-246 -166 0
-250 -175 0
-104 -64 0
-52 -42 0
-183 -128 0
-184 -104 0
-226 -146 0
-151 -81 0
-210 -60 0
-208 -98 0
-153 -63 0
-67 -22 0
-213 -93 0
-245 -120 0
-89 -39 0
-198 -88 0
-185 -65 0
-166 -111 0
-95 -25 0
-56 -46 0
-206 -56 0
-171 -116 0
-228 -103 0
-211 -171 0
-124 -54 0
-214 -184 0
-234 -199 0
-171 -131 0
-174 -144 0
-231 -101 0
-215 -175 0
-216 -196 0
-145 -55 0
-204 -79 0
-205 -85 0
-170 -75 0
-249 -139 0
-163 -108 0
-219 -89 0
-55 -10 0
-222 -182 0
-77 -27 0
-212 -112 0
-161 -66 0
-167 -112 0
-223 -93 0
-206 -61 0
-149 -54 0
-85 -30 0
-124 -79 0
-217 -142 0
-88 -33 0
-201 -76 0
-164 -94 0
-239 -189 0
-242 -192 0
-226 -66 0
-154 -84 0
-174 -149 0
-250 -80 0
-196 -136 0
-179 -74 0
-51 -21 0
-218 -183 0
-241 -126 0
-205 -80 0
-133 -78 0
-134 -74 0
-198 -53 0
-201 -166 0
-183 -78 0
-112 -82 0
-222 -187 0
-223 -53 0
-77 -22 0
-244 -74 0
-187 -137 0
-121 -76 0
-229 -169 0
-231 -181 0
-176 -91 0
-89 -49 0
-217 -102 0
-95 -15 0
-224 -84 0
-194 -129 0
-248 -78 0
-125 -80 0
-216 -101 0
-225 -85 0
-243 -63 0
-154 -89 0
-64 -49 0
-103 -78 0
-86 -16 0
-250 -85 0
-240 -165 0
-223 -173 0
-168 -83 0
-225 -200 0
-134 -79 0
-101 -56 0
-249 -149 0
-151 -126 0
-245 -65 0
-193 -123 0
-156 -111 0
-212 -122 0
-178 -58 0
-235 -55 0
-218 -103 0
-53 -38 0
-146 -81 0
-92 -7 0
-199 -69 0
-174 -54 0
-140 -70 0
-124 -89 0
-197 -127 0
-216 -126 0
-219 -144 0
-184 -149 0
-170 -145 0
-61 -21 0
-193 -133 0
-180 -80 0
-218 -133 0
-72 -42 0
-128 -93 0
-236 -91 0
-221 -156 0
-204 -114 0
-153 -108 0
-172 -137 0
-119 -69 0
-250 -195 0
-158 -78 0
-183 -68 0
-227 -62 0
-228 -178 0
-121 -86 0
-157 -112 0
-231 -171 0
-213 -113 0
-92 -32 0
-149 -79 0
-171 -96 0
-207 -132 0
-211 -71 0
-174 -59 0
-230 -170 0
-233 -88 0
-68 -23 0
-197 -122 0
-196 -106 0
-71 -6 0
-189 -89 0
-246 -106 0
-103 -68 0
-219 -54 0
-200 -110 0
-98 -23 0
-243 -188 0
-248 -183 0
-230 -65 0
-184 -69 0
-131 -81 0
-166 -51 0
-151 -116 0
-80 -20 0
-156 -121 0
-247 -192 0
-217 -127 0
-142 -62 0
-199 -59 0
-146 -71 0
-236 -171 0
-182 -147 0
-56 -11 0
-149 -74 0
-78 -38 0
-224 -79 0
-92 -17 0
-186 -96 0
-230 -175 0
-85 -50 0
-197 -97 0
-235 -180 0
-160 -125 0
-58 -18 0
-115 -95 0
-170 -135 0
-189 -84 0
-83 -8 0
-64 -44 0
-246 -111 0
-211 -61 0
-104 -69 0
-250 -100 0
-69 -39 0
-180 -90 0
-98 -48 0
-153 -118 0
-152 -132 0
-134 -54 0
-209 -119 0
-138 -63 0
-210 -125 0
-81 -46 0
-178 -88 0
-164 -129 0
-184 -94 0
-205 -195 0
-117 -97 0
-152 -117 0
-208 -88 0
-233 -183 0
-161 -101 0
-107 -87 0
-203 -53 0
-186 -101 0
-243 -108 0
-78 -43 0
-172 -82 0
-135 -100 0
-236 -61 0
-201 -111 0
-164 -99 0
-219 -149 0
-130 -55 0
-247 -112 0
-122 -62 0
-250 -105 0
-249 -194 0
-69 -34 0
-215 -65 0
-162 -77 0
-143 -83 0
-218 -148 0
-220 -140 0
-183 -58 0
-239 -79 0
-240 -185 0
-243 -138 0
-161 -141 0
-197 -142 0
-203 -93 0
-247 -142 0
-248 -58 0
-102 -57 0
-89 -24 0
-234 -129 0
-218 -123 0
-163 -133 0
-182 -97 0
-238 -128 0
-114 -54 0
-233 -73 0
-232 -177 0
-225 -140 0
-154 -134 0
-137 -72 0
-236 -71 0
-237 -77 0
-73 -48 0
-218 -153 0
-187 -52 0
-62 -12 0
-210 -115 0
-173 -123 0
-230 -120 0
-177 -122 0
-87 -2 0
-161 -136 0
-224 -169 0
-218 -68 0
-181 -126 0
-182 -122 0
-75 -30 0
-149 -99 0
-167 -57 0
-242 -122 0
-210 -145 0
-228 -63 0
-164 -109 0
-222 -112 0
-244 -159 0
-195 -140 0
-214 -109 0
-162 -67 0
-237 -72 0
-72 -7 0
-240 -75 0
-228 -198 0
-173 -118 0
-84 -4 0
-199 -144 0
-220 -55 0
-186 -131 0
-222 -142 0
-240 -60 0
-132 -67 0
-245 -55 0
-208 -163 0
-63 -18 0
-247 -132 0
-218 -73 0
-236 -151 0
-182 -127 0
-239 -134 0
-186 -116 0
-211 -106 0
-213 -143 0
-235 -160 0
-165 -110 0
-241 -171 0
-247 -117 0
-138 -78 0
-195 -115 0
-232 -52 0
-215 -110 0
-162 -92 0
-91 -36 0
-200 -75 0
-204 -144 0
-59 -29 0
-168 -98 0
-248 -148 0
-123 -58 0
-161 -146 0
-235 -105 0
-227 -72 0
-191 -86 0
-127 -62 0
-186 -121 0
-242 -112 0
-206 -126 0
-172 -62 0
-210 -135 0
-120 -75 0
-175 -95 0
-213 -138 0
-232 -92 0
-160 -90 0
-145 -90 0
-237 -167 0
-147 -67 0
-169 -84 0
-170 -100 0
-209 -59 0
-83 -43 0
-122 -82 0
-192 -132 0
-239 -99 0
-94 -24 0
-241 -61 0
-204 -129 0
-210 -90 0
-119 -54 0
-84 -14 0
-178 -113 0
-87 -47 0
-198 -118 0
-202 -127 0
-184 -59 0
-167 -87 0
-132 -77 0
-63 -8 0
-249 -64 0
-182 -77 0
-216 -166 0
-237 -162 0
-221 -81 0
-222 -67 0
-170 -105 0
-227 -152 0
-190 -110 0
-194 -119 0
-250 -150 0
-179 -144 0
-215 -100 0
-220 -105 0
-111 -61 0
-241 -56 0
-94 -29 0
-221 -196 0
-244 -99 0
-245 -145 0
-226 -141 0
-102 -77 0
-177 -102 0
-70 -40 0
-203 -128 0
-117 -87 0
-212 -187 0
-88 -3 0
-164 -64 0
-206 -76 0
-154 -114 0
-136 -66 0
-103 -53 0
-231 -66 0
-215 -140 0
-179 -104 0
-216 -191 0
-241 -96 0
-76 -31 0
-169 -94 0
-225 -175 0
-163 -113 0
-201 -136 0
-59 -34 0
-187 -87 0
-204 -179 0
-210 -80 0
-229 -139 0
-156 -56 0
-178 -103 0
-176 -61 0
-126 -76 0
-127 -92 0
-95 -45 0
-117 -82 0
-211 -151 0
-139 -89 0
-214 -164 0
-88 -28 0
-216 -71 0
-239 -154 0
-169 -54 0
-243 -93 0
-206 -81 0
-225 -55 0
-207 -67 0
-64 -19 0
-174 -124 0
-231 -121 0
-213 -163 0
-197 -57 0
-240 -135 0
-169 -69 0
-168 -53 0
-170 -95 0
-138 -98 0
-66 -26 0
-194 -69 0
-178 -143 0
-91 -16 0
-240 -120 0
-205 -60 0
-244 -109 0
-226 -131 0
-155 -135 0
-212 -92 0
-231 -146 0
-235 -85 0
-127 -67 0
-166 -116 0
-212 -197 0
-233 -143 0
-124 -59 0
-216 -96 0
-219 -174 0
-114 -69 0
-100 -50 0
-174 -129 0
-175 -115 0
-145 -70 0
-128 -63 0
-220 -195 0
-204 -84 0
-225 -185 0
-79 -4 0
-246 -176 0
-194 -94 0
-158 -108 0
-234 -59 0
-159 -124 0
-162 -117 0
-183 -98 0
-226 -156 0
-245 -110 0
-228 -148 0
-151 -91 0
-229 -189 0
-80 -45 0
-213 -83 0
-153 -53 0
-180 -140 0
-169 -149 0
-224 -104 0
-171 -126 0
-207 -162 0
-227 -107 0
-120 -55 0
-248 -98 0
-213 -198 0
-184 -144 0
-242 -137 0
-225 -65 0
-97 -32 0
-171 -141 0
-189 -59 0
-246 -56 0
-105 -80 0
-231 -111 0
-215 -145 0
-180 -115 0
-236 -126 0
-54 -19 0
-221 -181 0
-76 -1 0
-225 -180 0
-249 -129 0
-250 -170 0
-159 -99 0
-162 -142 0
-198 -58 0
-111 -81 0
-209 -169 0
-157 -137 0
-231 -136 0
-212 -102 0
-142 -92 0
-199 -89 0
-248 -123 0
-85 -20 0
-234 -194 0
-159 -129 0
-201 -66 0
-226 -76 0
-189 -54 0
-64 -14 0
-105 -55 0
-133 -68 0
-134 -84 0
-227 -187 0
-194 -84 0
-198 -63 0
-91 -21 0
-202 -52 0
-111 -96 0
-152 -87 0
-209 -164 0
-211 -196 0
-228 -158 0
-157 -132 0
-231 -191 0
-176 -81 0
-121 -66 0
-161 -71 0
-180 -150 0
-92 -12 0
-129 -64 0
-112 -57 0
-60 -35 0
-194 -139 0
-139 -69 0
-140 -75 0
-159 -144 0
-217 -147 0
-71 -26 0
-219 -179 0
-93 -43 0
-238 -198 0
-130 -85 0
-97 -42 0
-103 -88 0
-176 -136 0
-232 -107 0
-180 -125 0
-218 -178 0
-202 -172 0
-240 -155 0
-243 -168 0
-227 -162 0
-195 -75 0
-162 -132 0
-201 -171 0
-202 -57 0
-224 -194 0
-152 -112 0
-217 -107 0
-199 -79 0
-146 -91 0
-205 -175 0
-172 -117 0
-211 -186 0
-192 -122 0
-232 -147 0
-197 -117 0
-201 -116 0
-93 -38 0
-221 -111 0
-115 -75 0
-96 -41 0
-244 -184 0
-104 -89 0
-214 -54 0
-215 -190 0
-180 -70 0
-128 -83 0
-238 -188 0
-220 -175 0
-170 -60 0
-153 -98 0
-119 -79 0
-177 -92 0
-200 -140 0
-55 -25 0
-184 -114 0
-203 -178 0
-67 -12 0
-106 -81 0
-161 -81 0
-218 -98 0
-149 -69 0
-223 -68 0
-205 -170 0
-230 -180 0
-85 -45 0
-217 -157 0
-71 -16 0
-219 -129 0
-164 -79 0
-58 -3 0
-221 -106 0
-190 -85 0
-173 -133 0
-125 -55 0
-179 -89 0
-219 -64 0
-76 -46 0
-230 -75 0
-183 -93 0
-166 -61 0
-204 -194 0
-222 -172 0
-226 -181 0
-80 -10 0
-209 -149 0
-121 -91 0
-247 -162 0
-233 -198 0
-89 -4 0
-217 -117 0
-234 -149 0
-238 -108 0
-224 -69 0
-171 -81 0
-125 -95 0
-160 -115 0
-235 -190 0
-201 -126 0
-165 -80 0
-207 -52 0
-64 -34 0
-195 -145 0
-215 -180 0
-143 -78 0
-237 -97 0
-220 -185 0
-113 -83 0
-223 -148 0
-98 -18 0
-168 -68 0
-134 -64 0
-118 -83 0
-175 -140 0
-126 -51 0
-224 -189 0
-209 -144 0
-208 -78 0
-193 -118 0
