c Graph colouring
c
c edges;1,2;1,3;1,4;1,5;1,6;1,7;1,8;1,9;1,10;2,3;2,4;2,5;2,6;2,7;2,8;2,9;2,10;3,4;3,5;3,6;3,7;3,8;3,9;3,10;4,5;4,6;4,7;4,8;4,9;4,10;5,6;5,7;5,8;5,9;5,10;6,7;6,8;6,9;6,10;7,8;7,9;7,10;8,9;8,10;9,10
c n = number of vertices = 10
c m = number of edges = 45
c k = number of colours = 9
c vertex i=0,...,n-1 has colour c=0,...,k-1 if variable i*k+c+1 True
c
c We have nk=90 variables and n+(k^2-k)n/2+mk=775 clauses.
c
p cnf 90 775
1 2 3 4 5 6 7 8 9 0
10 11 12 13 14 15 16 17 18 0
19 20 21 22 23 24 25 26 27 0
28 29 30 31 32 33 34 35 36 0
37 38 39 40 41 42 43 44 45 0
46 47 48 49 50 51 52 53 54 0
55 56 57 58 59 60 61 62 63 0
64 65 66 67 68 69 70 71 72 0
73 74 75 76 77 78 79 80 81 0
82 83 84 85 86 87 88 89 90 0
-7 -3 0
-8 -4 0
-18 -17 0
-79 -78 0
-44 -38 0
-9 -1 0
-9 -2 0
-90 -88 0
-62 -55 0
-69 -66 0
-4 -3 0
-72 -70 0
-17 -13 0
-18 -10 0
-23 -19 0
-60 -58 0
-24 -20 0
-63 -57 0
-35 -28 0
-14 -12 0
-15 -13 0
-26 -21 0
-85 -82 0
-81 -79 0
-58 -57 0
-20 -19 0
-88 -86 0
-54 -46 0
-61 -58 0
-33 -29 0
-78 -74 0
-76 -74 0
-44 -42 0
-89 -84 0
-15 -12 0
-16 -11 0
-50 -49 0
-51 -50 0
-6 -3 0
-7 -6 0
-32 -28 0
-42 -41 0
-66 -64 0
-74 -73 0
-36 -35 0
-45 -42 0
-80 -77 0
-27 -22 0
-70 -65 0
-53 -51 0
-8 -1 0
-8 -2 0
-17 -12 0
-22 -19 0
-23 -22 0
-9 -8 0
-77 -76 0
-90 -82 0
-62 -57 0
-11 -10 0
-72 -68 0
-54 -49 0
-18 -12 0
-33 -28 0
-42 -37 0
-39 -38 0
-63 -59 0
-35 -30 0
-25 -24 0
-13 -11 0
-26 -23 0
-71 -65 0
-27 -26 0
-68 -67 0
-81 -77 0
-31 -30 0
-53 -47 0
-88 -84 0
-54 -48 0
-61 -56 0
-34 -28 0
-78 -76 0
-89 -82 0
-67 -66 0
-71 -64 0
-6 -5 0
-52 -51 0
-84 -83 0
-8 -7 0
-36 -33 0
-43 -38 0
-9 -3 0
-45 -40 0
-80 -75 0
-63 -55 0
-27 -24 0
-69 -67 0
-83 -82 0
-70 -67 0
-53 -49 0
-57 -56 0
-17 -10 0
-58 -55 0
-22 -21 0
-18 -13 0
-59 -58 0
-24 -23 0
-79 -74 0
-9 -6 0
-77 -74 0
-90 -84 0
-62 -59 0
-63 -62 0
-12 -11 0
-25 -19 0
-85 -83 0
-72 -66 0
-81 -76 0
-54 -51 0
-86 -83 0
-41 -40 0
-61 -59 0
-42 -39 0
-90 -89 0
-38 -37 0
-43 -42 0
-34 -29 0
-35 -32 0
-40 -39 0
-36 -31 0
-25 -22 0
-16 -14 0
-71 -67 0
-68 -65 0
-51 -47 0
-6 -2 0
-30 -29 0
-6 -1 0
-52 -48 0
-59 -56 0
-32 -31 0
-88 -82 0
-60 -55 0
-35 -33 0
-89 -88 0
-45 -43 0
-69 -64 0
-27 -19 0
-87 -83 0
-52 -49 0
-7 -2 0
-7 -1 0
-8 -5 0
-43 -40 0
-79 -77 0
-44 -39 0
-90 -85 0
-62 -56 0
-45 -38 0
-80 -73 0
-69 -65 0
-70 -69 0
-72 -71 0
-17 -16 0
-48 -46 0
-18 -15 0
-60 -59 0
-24 -21 0
-79 -76 0
-62 -61 0
-36 -28 0
-26 -22 0
-71 -70 0
-5 -4 0
-81 -74 0
-54 -53 0
-86 -85 0
-88 -87 0
-56 -55 0
-34 -33 0
-41 -38 0
-61 -57 0
-33 -32 0
-34 -31 0
-44 -43 0
-76 -75 0
-40 -37 0
-89 -83 0
-36 -29 0
-15 -11 0
-26 -19 0
-16 -12 0
-51 -49 0
-6 -4 0
-87 -86 0
-52 -46 0
-7 -5 0
-32 -29 0
-21 -20 0
-75 -74 0
-67 -64 0
-89 -86 0
-45 -41 0
-49 -48 0
-80 -78 0
-50 -47 0
-27 -21 0
-70 -66 0
-7 -4 0
-8 -3 0
-17 -11 0
-22 -20 0
-23 -21 0
-44 -37 0
-9 -7 0
-77 -75 0
-90 -87 0
-62 -58 0
-66 -65 0
-4 -2 0
-4 -1 0
-72 -69 0
-54 -50 0
-86 -82 0
-17 -14 0
-23 -20 0
-60 -57 0
-24 -19 0
-42 -38 0
-39 -37 0
-63 -58 0
-35 -29 0
-14 -11 0
-25 -23 0
-15 -14 0
-26 -24 0
-27 -25 0
-5 -1 0
-5 -2 0
-81 -80 0
-30 -28 0
-31 -29 0
-88 -85 0
-61 -55 0
-33 -30 0
-78 -73 0
-44 -41 0
-76 -73 0
-67 -65 0
-16 -10 0
-72 -64 0
-31 -28 0
-65 -64 0
-36 -34 0
-43 -37 0
-45 -39 0
-49 -46 0
-80 -76 0
-27 -23 0
-70 -68 0
-53 -52 0
-57 -55 0
-47 -46 0
-58 -56 0
-18 -14 0
-59 -57 0
-79 -73 0
-77 -73 0
-9 -5 0
-62 -60 0
-63 -61 0
-72 -67 0
-81 -75 0
-54 -52 0
-86 -84 0
-18 -11 0
-41 -39 0
-42 -40 0
-34 -30 0
-43 -41 0
-63 -60 0
-35 -31 0
-14 -13 0
-36 -32 0
-25 -21 0
-13 -12 0
-16 -15 0
-71 -66 0
-68 -66 0
-51 -46 0
-81 -78 0
-53 -48 0
-59 -55 0
-88 -83 0
-54 -47 0
-60 -56 0
-78 -75 0
-89 -87 0
-70 -64 0
-50 -46 0
-2 -1 0
-29 -28 0
-87 -82 0
-84 -82 0
-52 -50 0
-8 -6 0
-43 -39 0
-44 -40 0
-9 -4 0
-90 -86 0
-45 -37 0
-80 -74 0
-63 -56 0
-69 -68 0
-3 -1 0
-3 -2 0
-53 -50 0
-17 -15 0
-48 -47 0
-18 -16 0
-24 -22 0
-79 -75 0
-90 -83 0
-14 -10 0
-12 -10 0
-25 -20 0
-71 -69 0
-85 -84 0
-72 -65 0
-5 -3 0
-81 -73 0
-41 -37 0
-61 -60 0
-33 -31 0
-34 -32 0
-40 -38 0
-36 -30 0
-15 -10 0
-13 -10 0
-26 -20 0
-16 -13 0
-71 -68 0
-51 -48 0
-87 -85 0
-52 -47 0
-53 -46 0
-32 -30 0
-21 -19 0
-35 -34 0
-75 -73 0
-78 -77 0
-68 -64 0
-89 -85 0
-45 -44 0
-49 -47 0
-80 -79 0
-26 -25 0
-50 -48 0
-27 -20 0
-87 -84 0
-41 -23 0
-42 -24 0
-45 -9 0
-60 -33 0
-43 -25 0
-81 -9 0
-72 -27 0
-38 -2 0
-36 -18 0
-51 -24 0
-15 -6 0
-74 -2 0
-29 -11 0
-90 -9 0
-65 -11 0
-85 -58 0
-33 -6 0
-61 -25 0
-36 -27 0
-38 -29 0
-77 -50 0
-54 -18 0
-76 -13 0
-40 -31 0
-79 -16 0
-90 -18 0
-78 -51 0
-17 -8 0
-42 -6 0
-60 -51 0
-66 -39 0
-69 -42 0
-58 -13 0
-67 -58 0
-60 -15 0
-73 -55 0
-74 -56 0
-62 -17 0
-77 -41 0
-71 -62 0
-75 -57 0
-78 -60 0
-85 -67 0
-79 -61 0
-53 -44 0
-83 -56 0
-47 -38 0
-89 -44 0
-33 -24 0
-58 -22 0
-48 -3 0
-61 -43 0
-76 -67 0
-44 -35 0
-84 -3 0
-70 -52 0
-64 -10 0
-38 -11 0
-62 -26 0
-71 -53 0
-80 -17 0
-32 -5 0
-79 -34 0
-75 -66 0
-47 -11 0
-86 -50 0
-67 -40 0
-48 -12 0
-83 -11 0
-84 -12 0
-49 -40 0
-74 -38 0
-14 -5 0
-86 -14 0
-87 -15 0
-16 -7 0
-88 -16 0
-80 -26 0
-54 -27 0
-32 -14 0
-41 -32 0
-48 -21 0
-72 -18 0
-70 -34 0
-68 -50 0
-62 -8 0
-87 -6 0
-78 -15 0
-67 -22 0
-48 -30 0
-65 -38 0
-69 -24 0
-68 -59 0
-64 -37 0
-82 -28 0
-70 -61 0
-72 -63 0
-78 -24 0
-40 -22 0
-81 -72 0
-55 -10 0
-46 -37 0
-89 -8 0
-43 -16 0
-48 -39 0
-90 -45 0
-86 -59 0
-64 -46 0
-60 -6 0
-73 -64 0
-37 -1 0
-73 -1 0
-49 -31 0
-85 -76 0
-50 -32 0
-31 -4 0
-51 -33 0
-19 -10 0
-43 -7 0
-67 -4 0
-65 -56 0
-44 -8 0
-90 -54 0
-80 -35 0
-44 -26 0
-59 -32 0
-23 -14 0
-82 -10 0
-70 -43 0
-37 -19 0
-73 -19 0
-28 -1 0
-79 -43 0
-47 -20 0
-80 -44 0
-22 -4 0
-59 -23 0
-83 -20 0
-23 -5 0
-60 -24 0
-58 -4 0
-87 -42 0
-78 -69 0
-86 -5 0
-75 -48 0
-80 -71 0
-26 -17 0
-74 -11 0
-88 -7 0
-50 -14 0
-29 -2 0
-41 -5 0
-65 -2 0
-80 -53 0
-68 -23 0
-72 -9 0
-63 -36 0
-79 -70 0
-87 -33 0
-70 -25 0
-75 -39 0
-13 -4 0
-76 -40 0
-25 -7 0
-49 -4 0
-26 -8 0
-76 -58 0
-27 -9 0
-90 -27 0
-42 -15 0
-66 -30 0
-56 -11 0
-80 -62 0
-67 -31 0
-20 -2 0
-68 -32 0
-57 -21 0
-36 -9 0
-82 -19 0
-88 -25 0
-72 -54 0
-40 -13 0
-29 -20 0
-65 -20 0
-58 -49 0
-20 -11 0
-58 -31 0
-22 -13 0
-61 -34 0
-24 -15 0
-73 -37 0
-85 -13 0
-52 -25 0
-81 -63 0
-82 -64 0
-50 -23 0
-83 -65 0
-51 -42 0
-56 -29 0
-67 -13 0
-57 -39 0
-69 -15 0
-58 -40 0
-55 -46 0
-70 -16 0
-44 -17 0
-59 -41 0
-74 -65 0
-42 -33 0
-74 -47 0
-88 -43 0
-69 -51 0
-37 -28 0
-64 -1 0
-73 -28 0
-75 -30 0
-79 -52 0
-77 -32 0
-54 -36 0
-86 -68 0
-46 -10 0
-61 -52 0
-55 -37 0
-83 -29 0
-90 -36 0
-71 -8 0
-85 -31 0
-86 -32 0
-82 -46 0
-63 -18 0
-50 -5 0
-75 -21 0
-41 -14 0
-77 -23 0
-84 -57 0
-88 -61 0
-45 -36 0
-87 -24 0
-85 -4 0
-89 -71 0
-81 -36 0
-25 -16 0
-39 -12 0
-76 -49 0
-75 -12 0
-66 -21 0
-56 -2 0
-84 -66 0
-52 -34 0
-31 -22 0
-89 -53 0
-18 -9 0
-57 -30 0
-69 -6 0
-68 -41 0
-45 -27 0
-81 -27 0
-39 -3 0
-72 -45 0
-40 -4 0
-51 -6 0
-75 -3 0
-49 -22 0
-76 -4 0
-55 -28 0
-53 -8 0
-84 -75 0
-52 -43 0
-66 -12 0
-90 -63 0
-86 -77 0
-54 -45 0
-56 -47 0
-88 -79 0
-34 -25 0
-24 -6 0
-73 -46 0
-85 -22 0
-49 -13 0
-82 -55 0
-83 -74 0
-55 -19 0
-74 -29 0
-56 -20 0
-76 -31 0
-57 -48 0
-19 -1 0
-87 -78 0
-78 -33 0
-70 -7 0
-33 -15 0
-88 -34 0
-69 -60 0
-34 -16 0
-63 -54 0
-35 -17 0
-50 -41 0
-64 -19 0
-77 -59 0
-28 -10 0
-65 -29 0
-78 -42 0
-87 -69 0
-83 -38 0
-21 -3 0
-87 -60 0
-85 -40 0
-57 -3 0
-90 -81 0
-86 -23 0
-10 -1 0
-82 -37 0
-63 -27 0
-64 -28 0
-53 -17 0
-89 -17 0
-30 -21 0
-68 -5 0
-32 -23 0
-87 -51 0
-77 -68 0
-88 -52 0
-11 -2 0
-89 -80 0
-90 -72 0
-71 -44 0
-52 -7 0
-54 -9 0
-89 -62 0
-68 -14 0
-60 -42 0
-84 -21 0
-71 -35 0
-72 -36 0
-63 -9 0
-81 -54 0
-27 -18 0
-51 -15 0
-52 -16 0
-30 -3 0
-66 -3 0
-85 -49 0
-66 -57 0
-88 -70 0
-56 -38 0
-84 -30 0
-62 -53 0
-71 -26 0
-64 -55 0
-81 -45 0
-79 -25 0
-30 -12 0
-78 -6 0
-76 -22 0
-31 -13 0
-55 -1 0
-79 -7 0
-80 -8 0
-46 -19 0
-84 -39 0
-65 -47 0
-66 -48 0
-71 -17 0
-86 -41 0
-69 -33 0
-34 -7 0
-67 -49 0
-37 -10 0
-35 -26 0
-73 -10 0
-39 -30 0
-77 -14 0
-46 -28 0
-53 -35 0
-59 -50 0
-83 -47 0
-47 -29 0
-21 -12 0
-84 -48 0
-89 -35 0
-46 -1 0
-57 -12 0
-62 -35 0
-82 -1 0
-59 -14 0
-12 -3 0
-61 -16 0
-38 -20 0
-53 -26 0
-39 -21 0
-74 -20 0
-89 -26 0
-77 -5 0
-47 -2 0
-62 -44 0
-45 -18 0
-43 -34 0
-63 -45 0
-35 -8 0
-59 -5 0
-83 -2 0
-81 -18 0
-61 -7 0
-28 -19 0
-82 -73 0
