c Graph colouring
c
c edges;1,2;1,3;1,4;1,5;1,6;1,7;1,8;1,9;1,10;2,3;2,4;2,5;2,6;2,7;2,8;2,9;2,10;3,4;3,5;3,6;3,7;3,8;3,9;3,10;4,5;4,6;4,7;4,8;4,9;4,10;5,6;5,7;5,8;5,9;5,10;6,7;6,8;6,9;6,10;7,8;7,9;7,10;8,9;8,10;9,10
c n = number of vertices = 10
c m = number of edges = 45
c k = number of colours = 10
c vertex i=0,...,n-1 has colour c=0,...,k-1 if variable i*k+c+1 True
c
c We have nk=100 variables and n+(k^2-k)n/2+mk=910 clauses.
c
p cnf 100 910
1 2 3 4 5 6 7 8 9 10 0
11 12 13 14 15 16 17 18 19 20 0
21 22 23 24 25 26 27 28 29 30 0
31 32 33 34 35 36 37 38 39 40 0
41 42 43 44 45 46 47 48 49 50 0
51 52 53 54 55 56 57 58 59 60 0
61 62 63 64 65 66 67 68 69 70 0
71 72 73 74 75 76 77 78 79 80 0
81 82 83 84 85 86 87 88 89 90 0
91 92 93 94 95 96 97 98 99 100 0
-7 -3 0
-46 -42 0
-8 -4 0
-57 -52 0
-18 -17 0
-37 -35 0
-79 -78 0
-9 -1 0
-9 -2 0
-90 -88 0
-10 -5 0
-69 -66 0
-93 -92 0
-94 -92 0
-4 -3 0
-47 -42 0
-19 -13 0
-17 -13 0
-48 -45 0
-58 -52 0
-75 -71 0
-60 -58 0
-38 -33 0
-64 -62 0
-14 -12 0
-15 -13 0
-26 -21 0
-39 -32 0
-96 -91 0
-85 -82 0
-40 -31 0
-30 -25 0
-58 -57 0
-100 -98 0
-20 -19 0
-59 -52 0
-56 -54 0
-88 -86 0
-60 -51 0
-39 -35 0
-78 -74 0
-44 -42 0
-76 -74 0
-40 -36 0
-89 -84 0
-15 -12 0
-50 -49 0
-16 -11 0
-6 -3 0
-7 -6 0
-97 -95 0
-65 -63 0
-74 -73 0
-66 -64 0
-42 -41 0
-36 -35 0
-68 -62 0
-45 -42 0
-49 -45 0
-80 -77 0
-50 -42 0
-27 -22 0
-70 -65 0
-29 -24 0
-46 -44 0
-53 -51 0
-8 -1 0
-8 -2 0
-47 -45 0
-17 -12 0
-58 -53 0
-99 -98 0
-98 -94 0
-23 -22 0
-100 -96 0
-37 -33 0
-9 -8 0
-77 -76 0
-90 -82 0
-10 -7 0
-47 -44 0
-30 -22 0
-86 -81 0
-19 -15 0
-48 -43 0
-98 -91 0
-20 -16 0
-18 -12 0
-38 -35 0
-39 -38 0
-25 -24 0
-13 -11 0
-37 -32 0
-26 -23 0
-38 -31 0
-27 -26 0
-68 -67 0
-30 -27 0
-55 -51 0
-20 -17 0
-59 -54 0
-88 -84 0
-56 -52 0
-99 -92 0
-78 -76 0
-40 -34 0
-89 -82 0
-67 -66 0
-49 -44 0
-70 -61 0
-29 -27 0
-6 -5 0
-87 -81 0
-84 -83 0
-52 -51 0
-8 -7 0
-65 -61 0
-97 -93 0
-36 -33 0
-9 -3 0
-80 -75 0
-50 -44 0
-27 -24 0
-69 -67 0
-28 -23 0
-83 -82 0
-70 -67 0
-29 -22 0
-95 -91 0
-57 -56 0
-58 -55 0
-22 -21 0
-98 -96 0
-18 -13 0
-59 -58 0
-24 -23 0
-100 -94 0
-79 -74 0
-9 -6 0
-77 -74 0
-90 -84 0
-63 -62 0
-12 -11 0
-96 -94 0
-85 -83 0
-30 -24 0
-86 -83 0
-54 -51 0
-19 -17 0
-48 -41 0
-55 -54 0
-20 -14 0
-74 -71 0
-90 -89 0
-38 -37 0
-43 -42 0
-35 -32 0
-40 -39 0
-36 -31 0
-25 -22 0
-80 -71 0
-16 -14 0
-68 -65 0
-28 -27 0
-6 -2 0
-30 -29 0
-6 -1 0
-82 -81 0
-59 -56 0
-32 -31 0
-88 -82 0
-60 -55 0
-97 -92 0
-35 -33 0
-67 -62 0
-99 -94 0
-89 -88 0
-45 -43 0
-69 -64 0
-49 -42 0
-70 -63 0
-50 -45 0
-29 -25 0
-95 -94 0
-87 -83 0
-84 -81 0
-7 -2 0
-7 -1 0
-8 -5 0
-57 -51 0
-100 -91 0
-79 -77 0
-76 -71 0
-90 -85 0
-10 -6 0
-80 -73 0
-69 -65 0
-28 -21 0
-93 -91 0
-70 -69 0
-72 -71 0
-57 -54 0
-47 -41 0
-19 -12 0
-17 -16 0
-48 -46 0
-20 -11 0
-18 -15 0
-60 -59 0
-24 -21 0
-79 -76 0
-77 -72 0
-38 -34 0
-62 -61 0
-10 -3 0
-64 -63 0
-26 -22 0
-39 -31 0
-96 -92 0
-85 -81 0
-40 -32 0
-5 -4 0
-30 -26 0
-86 -85 0
-54 -53 0
-100 -99 0
-59 -51 0
-88 -87 0
-56 -55 0
-60 -52 0
-34 -33 0
-33 -32 0
-34 -31 0
-39 -34 0
-78 -71 0
-76 -75 0
-44 -43 0
-40 -37 0
-89 -83 0
-15 -11 0
-16 -12 0
-28 -25 0
-6 -4 0
-87 -86 0
-7 -5 0
-73 -72 0
-60 -53 0
-66 -61 0
-75 -74 0
-99 -96 0
-67 -64 0
-79 -72 0
-68 -63 0
-89 -86 0
-45 -41 0
-69 -62 0
-49 -48 0
-80 -78 0
-50 -47 0
-27 -21 0
-70 -66 0
-29 -23 0
-7 -4 0
-46 -41 0
-8 -3 0
-58 -54 0
-99 -97 0
-17 -11 0
-23 -21 0
-37 -36 0
-77 -75 0
-9 -7 0
-90 -87 0
-10 -8 0
-66 -65 0
-94 -91 0
-4 -2 0
-4 -1 0
-47 -43 0
-86 -82 0
-19 -14 0
-58 -51 0
-48 -44 0
-17 -14 0
-98 -92 0
-75 -72 0
-60 -57 0
-38 -36 0
-39 -37 0
-14 -11 0
-64 -61 0
-25 -23 0
-15 -14 0
-37 -31 0
-26 -24 0
-38 -32 0
-27 -25 0
-5 -1 0
-5 -2 0
-30 -28 0
-100 -97 0
-20 -18 0
-59 -53 0
-88 -85 0
-56 -53 0
-99 -91 0
-39 -36 0
-78 -73 0
-76 -73 0
-44 -41 0
-40 -35 0
-89 -81 0
-49 -43 0
-67 -65 0
-70 -62 0
-97 -96 0
-65 -64 0
-66 -63 0
-36 -34 0
-68 -61 0
-49 -46 0
-80 -76 0
-50 -41 0
-27 -23 0
-28 -24 0
-83 -81 0
-29 -21 0
-70 -68 0
-46 -43 0
-53 -52 0
-57 -55 0
-47 -46 0
-58 -56 0
-98 -93 0
-18 -14 0
-59 -57 0
-100 -95 0
-37 -34 0
-79 -73 0
-77 -73 0
-9 -5 0
-90 -81 0
-10 -2 0
-10 -1 0
-63 -61 0
-92 -91 0
-94 -93 0
-96 -95 0
-30 -21 0
-54 -52 0
-19 -16 0
-86 -84 0
-48 -42 0
-55 -53 0
-20 -15 0
-18 -11 0
-74 -72 0
-43 -41 0
-35 -31 0
-14 -13 0
-36 -32 0
-25 -21 0
-80 -72 0
-13 -12 0
-16 -15 0
-68 -66 0
-55 -52 0
-59 -55 0
-56 -51 0
-88 -83 0
-60 -56 0
-97 -91 0
-99 -93 0
-67 -61 0
-78 -75 0
-40 -33 0
-89 -87 0
-69 -63 0
-49 -41 0
-70 -64 0
-50 -46 0
-2 -1 0
-29 -28 0
-95 -93 0
-87 -82 0
-84 -82 0
-8 -6 0
-97 -94 0
-65 -62 0
-100 -92 0
-76 -72 0
-9 -4 0
-90 -86 0
-80 -74 0
-50 -43 0
-69 -68 0
-28 -22 0
-3 -1 0
-3 -2 0
-95 -92 0
-98 -97 0
-46 -45 0
-57 -53 0
-19 -11 0
-17 -15 0
-48 -47 0
-98 -95 0
-20 -12 0
-18 -16 0
-24 -22 0
-100 -93 0
-79 -75 0
-77 -71 0
-90 -83 0
-10 -4 0
-96 -93 0
-85 -84 0
-5 -3 0
-30 -23 0
-19 -18 0
-20 -13 0
-33 -31 0
-10 -9 0
-34 -32 0
-39 -33 0
-78 -72 0
-40 -38 0
-16 -13 0
-28 -26 0
-87 -85 0
-88 -81 0
-73 -71 0
-60 -54 0
-35 -34 0
-66 -62 0
-75 -73 0
-99 -95 0
-67 -63 0
-78 -77 0
-79 -71 0
-68 -64 0
-89 -85 0
-45 -44 0
-69 -61 0
-49 -47 0
-80 -79 0
-26 -25 0
-50 -48 0
-29 -26 0
-87 -84 0
-55 -5 0
-43 -3 0
-98 -68 0
-46 -16 0
-44 -4 0
-55 -35 0
-56 -36 0
-88 -68 0
-100 -90 0
-87 -57 0
-35 -15 0
-85 -25 0
-33 -3 0
-36 -16 0
-45 -35 0
-96 -46 0
-61 -1 0
-94 -54 0
-95 -55 0
-25 -15 0
-96 -56 0
-26 -16 0
-78 -8 0
-77 -17 0
-30 -20 0
-67 -7 0
-31 -21 0
-20 -10 0
-68 -8 0
-97 -77 0
-65 -45 0
-70 -10 0
-59 -19 0
-57 -7 0
-60 -20 0
-24 -14 0
-58 -8 0
-59 -9 0
-71 -41 0
-51 -31 0
-93 -83 0
-52 -32 0
-52 -2 0
-53 -33 0
-43 -23 0
-44 -24 0
-92 -62 0
-83 -23 0
-86 -36 0
-84 -24 0
-87 -37 0
-86 -26 0
-75 -35 0
-76 -36 0
-94 -74 0
-76 -6 0
-83 -73 0
-65 -5 0
-57 -47 0
-80 -50 0
-87 -77 0
-58 -48 0
-67 -27 0
-68 -28 0
-57 -17 0
-70 -30 0
-62 -52 0
-71 -31 0
-69 -59 0
-99 -39 0
-63 -53 0
-72 -32 0
-100 -40 0
-100 -10 0
-99 -19 0
-100 -20 0
-31 -1 0
-89 -9 0
-50 -30 0
-92 -22 0
-42 -12 0
-83 -63 0
-84 -64 0
-41 -21 0
-93 -13 0
-84 -34 0
-73 -33 0
-87 -17 0
-75 -55 0
-76 -56 0
-74 -4 0
-40 -10 0
-29 -9 0
-78 -48 0
-87 -67 0
-58 -28 0
-99 -79 0
-97 -67 0
-22 -2 0
-65 -35 0
-67 -47 0
-77 -67 0
-68 -48 0
-81 -1 0
-97 -37 0
-89 -79 0
-99 -59 0
-100 -60 0
-100 -30 0
-50 -20 0
-56 -26 0
-90 -20 0
-95 -85 0
-52 -42 0
-84 -74 0
-91 -51 0
-46 -6 0
-89 -39 0
-92 -52 0
-47 -7 0
-56 -46 0
-95 -25 0
-88 -78 0
-90 -40 0
-48 -8 0
-91 -41 0
-35 -5 0
-74 -44 0
-73 -53 0
-37 -7 0
-27 -17 0
-96 -66 0
-26 -6 0
-85 -65 0
-77 -27 0
-61 -41 0
-51 -21 0
-53 -23 0
-56 -6 0
-89 -49 0
-94 -14 0
-45 -5 0
-95 -15 0
-96 -16 0
-83 -13 0
-88 -58 0
-35 -25 0
-85 -15 0
-86 -16 0
-74 -14 0
-38 -28 0
-51 -1 0
-75 -15 0
-39 -29 0
-82 -62 0
-76 -16 0
-31 -11 0
-32 -12 0
-65 -15 0
-59 -49 0
-66 -16 0
-32 -22 0
-21 -11 0
-67 -17 0
-58 -38 0
-61 -21 0
-60 -10 0
-72 -42 0
-63 -3 0
-64 -4 0
-49 -9 0
-93 -73 0
-53 -3 0
-90 -30 0
-91 -31 0
-83 -53 0
-42 -2 0
-90 -60 0
-92 -32 0
-54 -34 0
-86 -66 0
-47 -27 0
-100 -80 0
-48 -28 0
-85 -55 0
-43 -33 0
-90 -80 0
-88 -38 0
-82 -22 0
-77 -37 0
-39 -19 0
-82 -52 0
-94 -84 0
-40 -20 0
-79 -19 0
-80 -20 0
-65 -25 0
-78 -38 0
-79 -39 0
-80 -40 0
-69 -29 0
-99 -69 0
-58 -18 0
-72 -2 0
-67 -37 0
-63 -43 0
-64 -44 0
-69 -39 0
-97 -47 0
-91 -81 0
-64 -54 0
-98 -48 0
-14 -4 0
-99 -49 0
-15 -5 0
-49 -29 0
-90 -10 0
-21 -1 0
-85 -35 0
-82 -12 0
-74 -34 0
-38 -8 0
-88 -18 0
-37 -17 0
-27 -7 0
-28 -8 0
-17 -7 0
-18 -8 0
-67 -57 0
-99 -89 0
-97 -57 0
-62 -12 0
-12 -2 0
-63 -13 0
-70 -60 0
-98 -28 0
-71 -61 0
-51 -11 0
-54 -24 0
-95 -75 0
-52 -12 0
-54 -14 0
-41 -11 0
-55 -15 0
-46 -36 0
-53 -43 0
-56 -16 0
-47 -37 0
-43 -13 0
-94 -4 0
-33 -23 0
-45 -15 0
-95 -5 0
-93 -53 0
-34 -24 0
-96 -26 0
-92 -42 0
-83 -3 0
-36 -6 0
-95 -35 0
-34 -14 0
-84 -4 0
-96 -36 0
-81 -41 0
-25 -5 0
-73 -3 0
-28 -18 0
-78 -28 0
-79 -29 0
-79 -59 0
-80 -60 0
-59 -39 0
-57 -27 0
-75 -65 0
-60 -40 0
-70 -20 0
-59 -29 0
-71 -21 0
-49 -39 0
-61 -31 0
-50 -40 0
-62 -32 0
-71 -51 0
-72 -52 0
-97 -7 0
-52 -22 0
-98 -8 0
-49 -19 0
-89 -19 0
-41 -31 0
-83 -43 0
-92 -2 0
-90 -50 0
-47 -17 0
-86 -56 0
-42 -32 0
-84 -44 0
-94 -24 0
-86 -46 0
-34 -4 0
-93 -33 0
-73 -43 0
-84 -14 0
-87 -47 0
-78 -68 0
-88 -48 0
-90 -70 0
-36 -26 0
-75 -45 0
-73 -13 0
-81 -61 0
-77 -47 0
-73 -23 0
-40 -30 0
-74 -24 0
-79 -9 0
-75 -25 0
-41 -1 0
-57 -37 0
-60 -50 0
-68 -18 0
-71 -11 0
-63 -33 0
-72 -12 0
-70 -40 0
-69 -49 0
-97 -17 0
-61 -11 0
-91 -71 0
-50 -10 0
-89 -29 0
-81 -71 0
-84 -54 0
-71 -1 0
-94 -44 0
-76 -66 0
-44 -34 0
-81 -21 0
-95 -45 0
-73 -63 0
-87 -27 0
-74 -64 0
-88 -28 0
-96 -76 0
-30 -10 0
-96 -86 0
-85 -75 0
-66 -26 0
-19 -9 0
-65 -55 0
-97 -87 0
-66 -56 0
-22 -12 0
-68 -38 0
-23 -13 0
-66 -46 0
-89 -69 0
-62 -2 0
-100 -50 0
-16 -6 0
-95 -65 0
-89 -59 0
-46 -26 0
-91 -61 0
-45 -25 0
-93 -63 0
-11 -1 0
-94 -64 0
-86 -6 0
-87 -7 0
-38 -18 0
-81 -51 0
-88 -8 0
-75 -5 0
-78 -18 0
-77 -7 0
-79 -49 0
-66 -6 0
-23 -3 0
-66 -36 0
-62 -42 0
-24 -4 0
-79 -69 0
-68 -58 0
-98 -58 0
-13 -3 0
-64 -14 0
-62 -22 0
-99 -9 0
-72 -62 0
-63 -23 0
-64 -24 0
-53 -13 0
-91 -21 0
-93 -23 0
-91 -11 0
-48 -38 0
-44 -14 0
-92 -12 0
-83 -33 0
-42 -22 0
-96 -6 0
-33 -13 0
-81 -11 0
-93 -43 0
-85 -5 0
-92 -72 0
-82 -42 0
-39 -9 0
-29 -19 0
-77 -57 0
-80 -30 0
-82 -72 0
-32 -2 0
-91 -1 0
-60 -30 0
-72 -22 0
-98 -38 0
-97 -27 0
-99 -29 0
-55 -25 0
-51 -41 0
-98 -88 0
-54 -44 0
-86 -76 0
-93 -3 0
-48 -18 0
-100 -70 0
-55 -45 0
-98 -78 0
-85 -45 0
-82 -2 0
-94 -34 0
-92 -82 0
-81 -31 0
-80 -70 0
-82 -32 0
-37 -27 0
-76 -46 0
-74 -54 0
-80 -10 0
-78 -58 0
-76 -26 0
-69 -9 0
-61 -51 0
-69 -19 0
-64 -34 0
-70 -50 0
-98 -18 0
-54 -4 0
